"NID","PE","ING","AL","AD","V","A","O","D"
1.00,4.00,47298.00,9336.00,4828.00,1.00,0.00,0.00,1.00
2.00,5.00,41739.00,7490.00,3840.00,1.00,1.00,0.00,1.00
3.00,2.00,43480.00,9205.00,3624.00,0.00,1.00,0.00,1.00
4.00,3.00,36991.00,7587.00,4223.00,1.00,0.00,0.00,1.00
5.00,3.00,31259.00,6372.00,2906.00,1.00,0.00,0.00,1.00
6.00,1.00,34246.00,6871.00,5145.00,1.00,0.00,1.00,1.00
7.00,4.00,43698.00,9789.00,4377.00,0.00,1.00,0.00,1.00
8.00,2.00,55049.00,10880.00,4589.00,0.00,1.00,0.00,1.00
9.00,2.00,52371.00,9752.00,6184.00,1.00,0.00,0.00,1.00
10.00,3.00,33274.00,6507.00,3335.00,1.00,0.00,0.00,1.00
11.00,3.00,42086.00,8767.00,5219.00,1.00,0.00,0.00,1.00
12.00,3.00,34115.00,6240.00,3243.00,1.00,0.00,0.00,1.00
13.00,2.00,34306.00,7403.00,3192.00,1.00,1.00,0.00,1.00
14.00,2.00,36945.00,7396.00,4027.00,1.00,1.00,0.00,1.00
15.00,2.00,53344.00,10465.00,6383.00,0.00,0.00,0.00,1.00
16.00,3.00,40847.00,7783.00,3723.00,1.00,1.00,0.00,1.00
17.00,5.00,35899.00,7677.00,2817.00,1.00,0.00,0.00,1.00
18.00,3.00,42546.00,8181.00,5137.00,0.00,1.00,0.00,1.00
19.00,3.00,37580.00,7736.00,4491.00,0.00,1.00,0.00,1.00
20.00,2.00,40902.00,8209.00,3749.00,1.00,1.00,0.00,1.00
21.00,2.00,51243.00,11572.00,4299.00,0.00,1.00,0.00,2.00
22.00,3.00,41463.00,8675.00,4532.00,1.00,0.00,0.00,2.00
23.00,3.00,32242.00,6224.00,3258.00,0.00,0.00,0.00,2.00
24.00,3.00,39982.00,8895.00,2814.00,1.00,1.00,0.00,2.00
25.00,4.00,41524.00,10694.00,4122.00,1.00,0.00,0.00,2.00
26.00,3.00,36557.00,7455.00,3061.00,1.00,1.00,0.00,2.00
27.00,2.00,40026.00,7691.00,3284.00,0.00,0.00,0.00,2.00
28.00,3.00,38400.00,7797.00,4014.00,0.00,0.00,0.00,2.00
29.00,3.00,43282.00,8483.00,3591.00,1.00,0.00,0.00,2.00
30.00,1.00,40422.00,7734.00,4550.00,1.00,1.00,0.00,2.00
31.00,4.00,44914.00,9745.00,5599.00,1.00,0.00,0.00,3.00
32.00,3.00,45132.00,9150.00,4334.00,0.00,0.00,0.00,3.00
33.00,1.00,42784.00,8246.00,4283.00,1.00,0.00,0.00,3.00
34.00,2.00,42952.00,8056.00,4595.00,0.00,0.00,0.00,3.00
35.00,3.00,38553.00,8162.00,3491.00,1.00,1.00,0.00,3.00
36.00,4.00,37272.00,7535.00,3272.00,1.00,0.00,0.00,3.00
37.00,2.00,36197.00,6961.00,3100.00,1.00,0.00,0.00,3.00
38.00,4.00,41672.00,7656.00,3879.00,0.00,0.00,0.00,3.00
39.00,2.00,44147.00,9576.00,3663.00,1.00,1.00,0.00,3.00
40.00,2.00,35837.00,8486.00,3485.00,1.00,1.00,0.00,3.00
41.00,3.00,35255.00,7383.00,3037.00,1.00,1.00,0.00,3.00
42.00,3.00,38256.00,7781.00,3778.00,1.00,0.00,0.00,3.00
43.00,3.00,40063.00,8812.00,3914.00,0.00,0.00,0.00,3.00
44.00,3.00,43854.00,10318.00,3739.00,0.00,0.00,0.00,3.00
45.00,2.00,43094.00,9857.00,4701.00,1.00,1.00,0.00,3.00
46.00,3.00,44665.00,9362.00,3810.00,1.00,0.00,0.00,4.00
47.00,2.00,40326.00,8855.00,3608.00,1.00,0.00,0.00,4.00
48.00,4.00,32676.00,6409.00,3532.00,1.00,0.00,0.00,4.00
49.00,2.00,39957.00,7512.00,5359.00,0.00,0.00,0.00,4.00
50.00,2.00,42371.00,8130.00,4209.00,1.00,1.00,0.00,4.00
51.00,5.00,39196.00,8497.00,4515.00,1.00,0.00,0.00,4.00
52.00,3.00,37453.00,7661.00,4324.00,1.00,1.00,0.00,4.00
53.00,1.00,41680.00,8351.00,3547.00,0.00,0.00,0.00,4.00
54.00,1.00,39958.00,8243.00,3552.00,1.00,1.00,0.00,4.00
55.00,3.00,33620.00,6074.00,3178.00,1.00,1.00,0.00,4.00
56.00,6.00,45658.00,8223.00,5080.00,1.00,1.00,0.00,4.00
57.00,2.00,43913.00,8801.00,4684.00,1.00,0.00,0.00,4.00
58.00,1.00,30488.00,6399.00,3056.00,1.00,0.00,0.00,4.00
59.00,4.00,46063.00,8314.00,3755.00,1.00,1.00,0.00,4.00
60.00,2.00,41840.00,8349.00,5038.00,1.00,0.00,1.00,4.00
61.00,1.00,50378.00,10327.00,5075.00,1.00,0.00,0.00,4.00
62.00,4.00,46079.00,9967.00,5142.00,1.00,1.00,0.00,4.00
63.00,3.00,49426.00,9316.00,4376.00,1.00,1.00,0.00,4.00
64.00,4.00,39905.00,8684.00,4873.00,0.00,0.00,0.00,4.00
65.00,1.00,37015.00,7436.00,3252.00,1.00,1.00,0.00,4.00
66.00,1.00,39787.00,8181.00,3288.00,0.00,1.00,0.00,5.00
67.00,4.00,31051.00,6739.00,3430.00,0.00,0.00,1.00,5.00
68.00,4.00,39551.00,7646.00,3782.00,0.00,0.00,0.00,5.00
69.00,2.00,42076.00,7726.00,4653.00,1.00,1.00,0.00,5.00
70.00,2.00,47077.00,9582.00,4155.00,1.00,1.00,0.00,5.00
71.00,3.00,42393.00,9294.00,3243.00,1.00,0.00,0.00,5.00
72.00,4.00,40531.00,8460.00,4038.00,0.00,0.00,0.00,5.00
73.00,3.00,41843.00,9078.00,4157.00,1.00,0.00,0.00,5.00
74.00,4.00,38877.00,8167.00,3889.00,1.00,1.00,1.00,5.00
75.00,4.00,46589.00,9877.00,4873.00,1.00,1.00,0.00,5.00
76.00,2.00,41818.00,8643.00,3439.00,1.00,1.00,0.00,6.00
77.00,4.00,43092.00,9577.00,4347.00,1.00,0.00,0.00,6.00
78.00,4.00,42084.00,8738.00,4480.00,1.00,0.00,0.00,6.00
79.00,3.00,31980.00,6655.00,3308.00,0.00,0.00,0.00,6.00
80.00,4.00,44306.00,8447.00,5096.00,1.00,0.00,1.00,6.00
81.00,3.00,41973.00,8854.00,3689.00,0.00,0.00,0.00,6.00
82.00,1.00,35944.00,7870.00,3645.00,1.00,0.00,0.00,6.00
83.00,2.00,33781.00,6979.00,3163.00,1.00,0.00,0.00,6.00
84.00,4.00,42979.00,8633.00,4670.00,0.00,1.00,0.00,6.00
85.00,2.00,44014.00,9263.00,4382.00,1.00,0.00,0.00,6.00
86.00,5.00,42747.00,9240.00,4996.00,0.00,0.00,0.00,6.00
87.00,3.00,46084.00,10677.00,3198.00,1.00,0.00,0.00,6.00
88.00,4.00,44493.00,8304.00,4165.00,1.00,0.00,0.00,6.00
89.00,1.00,44916.00,9182.00,2302.00,0.00,0.00,0.00,6.00
90.00,3.00,41282.00,7779.00,4102.00,1.00,1.00,0.00,6.00
91.00,3.00,36372.00,7805.00,3553.00,0.00,0.00,0.00,7.00
92.00,5.00,46106.00,9323.00,4981.00,1.00,0.00,0.00,7.00
93.00,3.00,46845.00,8734.00,5308.00,1.00,1.00,0.00,7.00
94.00,2.00,51473.00,9618.00,5475.00,0.00,0.00,0.00,7.00
95.00,2.00,44753.00,8646.00,4746.00,1.00,0.00,0.00,7.00
96.00,3.00,41896.00,9201.00,4233.00,1.00,0.00,0.00,7.00
97.00,4.00,44893.00,9459.00,4360.00,1.00,1.00,1.00,7.00
98.00,4.00,38656.00,7261.00,3758.00,1.00,1.00,0.00,7.00
99.00,4.00,45079.00,9687.00,6574.00,1.00,0.00,0.00,7.00
100.00,1.00,47192.00,10472.00,5857.00,1.00,0.00,0.00,7.00
101.00,2.00,43406.00,9751.00,4271.00,1.00,1.00,0.00,7.00
102.00,1.00,40915.00,7916.00,3863.00,0.00,0.00,0.00,7.00
103.00,1.00,30146.00,5547.00,2634.00,1.00,1.00,0.00,7.00
104.00,3.00,42174.00,7621.00,4571.00,1.00,1.00,0.00,7.00
105.00,4.00,36860.00,6711.00,4824.00,0.00,0.00,0.00,7.00
106.00,5.00,37923.00,8882.00,4176.00,0.00,0.00,0.00,7.00
107.00,2.00,38177.00,7279.00,2812.00,1.00,0.00,0.00,7.00
108.00,3.00,35571.00,5826.00,3578.00,1.00,0.00,0.00,7.00
109.00,3.00,34980.00,7693.00,4556.00,1.00,0.00,0.00,7.00
110.00,4.00,39724.00,7717.00,3519.00,0.00,0.00,0.00,7.00
111.00,2.00,32742.00,5045.00,2912.00,1.00,0.00,0.00,8.00
112.00,2.00,39387.00,8945.00,4168.00,1.00,1.00,0.00,8.00
113.00,2.00,31778.00,6384.00,2763.00,0.00,0.00,0.00,8.00
114.00,2.00,43896.00,8687.00,5034.00,1.00,1.00,0.00,8.00
115.00,5.00,38341.00,7752.00,3420.00,1.00,0.00,0.00,8.00
116.00,3.00,45607.00,8968.00,5667.00,1.00,1.00,0.00,8.00
117.00,3.00,38213.00,7086.00,4273.00,1.00,1.00,0.00,8.00
118.00,5.00,36193.00,8005.00,3672.00,0.00,0.00,0.00,8.00
119.00,1.00,35228.00,6606.00,3684.00,1.00,0.00,0.00,8.00
120.00,1.00,35118.00,7539.00,2563.00,1.00,0.00,0.00,8.00
121.00,4.00,46370.00,9021.00,4299.00,0.00,0.00,0.00,9.00
122.00,3.00,42491.00,9194.00,4336.00,0.00,0.00,1.00,9.00
123.00,3.00,39336.00,7265.00,3913.00,1.00,0.00,0.00,9.00
124.00,1.00,40630.00,7684.00,3853.00,1.00,1.00,0.00,9.00
125.00,1.00,35166.00,7182.00,4439.00,1.00,0.00,0.00,9.00
126.00,4.00,38009.00,8414.00,2943.00,0.00,0.00,0.00,9.00
127.00,4.00,36302.00,8322.00,4657.00,1.00,0.00,0.00,9.00
128.00,1.00,40624.00,8481.00,3783.00,0.00,0.00,0.00,9.00
129.00,1.00,36440.00,7462.00,3184.00,0.00,0.00,0.00,9.00
130.00,2.00,42429.00,9808.00,4105.00,0.00,0.00,1.00,9.00
131.00,2.00,43865.00,10084.00,4690.00,0.00,0.00,0.00,9.00
132.00,2.00,45322.00,10152.00,4529.00,1.00,1.00,0.00,9.00
133.00,5.00,34705.00,6657.00,3803.00,1.00,1.00,0.00,9.00
134.00,5.00,45401.00,8139.00,4114.00,1.00,0.00,0.00,9.00
135.00,2.00,42224.00,8078.00,4246.00,1.00,0.00,0.00,9.00
136.00,2.00,39465.00,8125.00,3001.00,1.00,1.00,0.00,10.00
137.00,1.00,43499.00,8710.00,4230.00,1.00,0.00,0.00,10.00
138.00,3.00,35360.00,6729.00,3638.00,0.00,0.00,0.00,10.00
139.00,2.00,46662.00,10592.00,5239.00,1.00,1.00,0.00,10.00
140.00,1.00,43023.00,8810.00,4119.00,1.00,0.00,0.00,10.00
141.00,1.00,41807.00,8592.00,3864.00,1.00,0.00,0.00,10.00
142.00,2.00,46105.00,10466.00,4004.00,0.00,0.00,0.00,10.00
143.00,4.00,47695.00,9252.00,5200.00,1.00,0.00,0.00,10.00
144.00,3.00,38248.00,7627.00,2451.00,0.00,1.00,0.00,10.00
145.00,4.00,45978.00,9404.00,5308.00,0.00,0.00,0.00,10.00
146.00,4.00,34567.00,7088.00,3830.00,0.00,0.00,0.00,10.00
147.00,3.00,30919.00,6677.00,2516.00,1.00,1.00,0.00,10.00
148.00,4.00,43247.00,8196.00,4161.00,0.00,1.00,0.00,10.00
149.00,3.00,47655.00,8917.00,5920.00,1.00,0.00,0.00,10.00
150.00,4.00,44468.00,8559.00,3966.00,0.00,0.00,0.00,10.00
151.00,2.00,44510.00,9742.00,4816.00,1.00,1.00,0.00,10.00
152.00,4.00,38531.00,7507.00,4435.00,1.00,0.00,0.00,10.00
153.00,3.00,39294.00,7287.00,3749.00,1.00,1.00,0.00,10.00
154.00,4.00,36416.00,7109.00,3806.00,1.00,0.00,0.00,10.00
155.00,2.00,43486.00,9921.00,4050.00,1.00,1.00,0.00,10.00
156.00,1.00,48492.00,10107.00,3719.00,1.00,1.00,1.00,11.00
157.00,3.00,41733.00,8231.00,3592.00,0.00,0.00,0.00,11.00
158.00,2.00,39962.00,7242.00,4576.00,1.00,1.00,0.00,11.00
159.00,4.00,36127.00,7646.00,3575.00,1.00,0.00,0.00,11.00
160.00,1.00,34850.00,7713.00,4055.00,1.00,0.00,0.00,11.00
161.00,3.00,40885.00,8507.00,2977.00,0.00,0.00,0.00,11.00
162.00,2.00,41855.00,7113.00,3630.00,1.00,1.00,0.00,11.00
163.00,3.00,36794.00,6299.00,3530.00,1.00,1.00,0.00,11.00
164.00,2.00,42090.00,7904.00,3856.00,0.00,1.00,1.00,11.00
165.00,3.00,36791.00,7476.00,2944.00,0.00,0.00,0.00,11.00
166.00,5.00,32687.00,6357.00,2681.00,1.00,0.00,1.00,12.00
167.00,4.00,37867.00,8652.00,3870.00,0.00,0.00,0.00,12.00
168.00,2.00,42886.00,7622.00,4527.00,1.00,0.00,0.00,12.00
169.00,3.00,36176.00,7990.00,3679.00,1.00,0.00,0.00,12.00
170.00,3.00,31632.00,5943.00,2194.00,1.00,1.00,0.00,12.00
171.00,3.00,43218.00,8933.00,3739.00,1.00,0.00,0.00,12.00
172.00,2.00,39265.00,7801.00,3178.00,1.00,0.00,0.00,12.00
173.00,3.00,47377.00,10061.00,4175.00,1.00,0.00,0.00,12.00
174.00,2.00,36757.00,7695.00,4355.00,0.00,0.00,1.00,12.00
175.00,2.00,38251.00,7879.00,3460.00,1.00,1.00,0.00,12.00
176.00,4.00,45419.00,9048.00,3745.00,0.00,0.00,0.00,12.00
177.00,3.00,32305.00,5190.00,3239.00,0.00,1.00,0.00,12.00
178.00,2.00,34327.00,6863.00,3273.00,1.00,1.00,0.00,12.00
179.00,6.00,43726.00,7586.00,3571.00,0.00,0.00,0.00,12.00
180.00,3.00,33119.00,6765.00,2836.00,0.00,1.00,0.00,12.00
181.00,3.00,50161.00,11480.00,5371.00,1.00,1.00,0.00,13.00
182.00,3.00,35562.00,7419.00,3060.00,0.00,0.00,0.00,13.00
183.00,1.00,40527.00,9329.00,3424.00,1.00,0.00,0.00,13.00
184.00,3.00,40665.00,7960.00,5061.00,1.00,1.00,0.00,13.00
185.00,2.00,37571.00,8659.00,3713.00,1.00,0.00,0.00,13.00
186.00,3.00,44262.00,8656.00,5269.00,1.00,0.00,0.00,13.00
187.00,2.00,42587.00,8328.00,4256.00,0.00,0.00,0.00,13.00
188.00,3.00,46309.00,9587.00,5368.00,0.00,1.00,0.00,13.00
189.00,5.00,34832.00,7608.00,2837.00,1.00,1.00,1.00,13.00
190.00,2.00,33757.00,6005.00,3761.00,0.00,0.00,0.00,13.00
191.00,3.00,50132.00,9851.00,3822.00,0.00,1.00,0.00,13.00
192.00,1.00,52082.00,11613.00,3612.00,1.00,0.00,0.00,13.00
193.00,1.00,37964.00,7521.00,3225.00,0.00,0.00,1.00,13.00
194.00,2.00,31611.00,6250.00,2985.00,1.00,1.00,1.00,13.00
195.00,4.00,30458.00,6422.00,2637.00,1.00,1.00,0.00,13.00
196.00,1.00,48979.00,9845.00,5538.00,1.00,1.00,0.00,13.00
197.00,4.00,41246.00,8817.00,4574.00,0.00,0.00,0.00,13.00
198.00,1.00,35507.00,7762.00,4029.00,0.00,0.00,0.00,13.00
199.00,4.00,48402.00,8637.00,3665.00,0.00,1.00,0.00,13.00
200.00,4.00,39421.00,8554.00,4000.00,1.00,0.00,0.00,13.00
201.00,3.00,39931.00,8833.00,4287.00,0.00,0.00,0.00,14.00
202.00,4.00,33774.00,6607.00,3301.00,1.00,0.00,0.00,14.00
203.00,2.00,38720.00,7744.00,3177.00,0.00,0.00,0.00,14.00
204.00,5.00,32941.00,6715.00,3134.00,0.00,0.00,0.00,14.00
205.00,1.00,42823.00,9612.00,3248.00,0.00,1.00,0.00,14.00
206.00,1.00,38974.00,7732.00,3905.00,0.00,1.00,0.00,14.00
207.00,5.00,37536.00,6802.00,3807.00,1.00,1.00,0.00,14.00
208.00,2.00,41035.00,8156.00,3975.00,1.00,0.00,1.00,14.00
209.00,1.00,34403.00,7884.00,3914.00,0.00,0.00,0.00,14.00
210.00,4.00,32990.00,6262.00,3069.00,0.00,1.00,0.00,14.00
211.00,3.00,40065.00,8389.00,3788.00,1.00,0.00,0.00,15.00
212.00,2.00,47102.00,9765.00,4542.00,1.00,1.00,0.00,15.00
213.00,4.00,36198.00,7612.00,4422.00,1.00,1.00,1.00,15.00
214.00,2.00,37064.00,7945.00,2919.00,1.00,1.00,0.00,15.00
215.00,2.00,46800.00,10098.00,4658.00,1.00,1.00,1.00,15.00
216.00,1.00,47429.00,11559.00,5310.00,0.00,0.00,0.00,15.00
217.00,4.00,42070.00,7832.00,5770.00,0.00,0.00,0.00,15.00
218.00,4.00,45204.00,8664.00,4849.00,0.00,0.00,0.00,15.00
219.00,4.00,45330.00,8757.00,5030.00,1.00,1.00,1.00,15.00
220.00,2.00,39142.00,8043.00,4326.00,0.00,0.00,0.00,15.00
221.00,5.00,32121.00,6463.00,3676.00,1.00,1.00,0.00,15.00
222.00,4.00,49417.00,9277.00,3692.00,1.00,1.00,1.00,15.00
223.00,1.00,44998.00,8488.00,4144.00,1.00,0.00,0.00,15.00
224.00,3.00,36070.00,7955.00,4008.00,1.00,1.00,0.00,15.00
225.00,1.00,44901.00,9784.00,4313.00,1.00,1.00,0.00,15.00
226.00,4.00,40188.00,8523.00,4964.00,1.00,0.00,0.00,16.00
227.00,2.00,36582.00,6399.00,2997.00,0.00,0.00,0.00,16.00
228.00,1.00,43451.00,8712.00,4229.00,1.00,1.00,0.00,16.00
229.00,3.00,42600.00,8956.00,4177.00,1.00,1.00,0.00,16.00
230.00,2.00,40653.00,8978.00,4467.00,1.00,0.00,0.00,16.00
231.00,4.00,34173.00,6934.00,3540.00,1.00,0.00,0.00,16.00
232.00,3.00,47436.00,9019.00,4888.00,1.00,1.00,0.00,16.00
233.00,3.00,43918.00,8392.00,4108.00,1.00,0.00,0.00,16.00
234.00,4.00,49450.00,10222.00,4489.00,0.00,0.00,0.00,16.00
235.00,4.00,41808.00,8649.00,3686.00,1.00,1.00,0.00,16.00
236.00,1.00,39555.00,7037.00,3510.00,1.00,1.00,0.00,16.00
237.00,4.00,46666.00,9133.00,5199.00,1.00,1.00,0.00,16.00
238.00,3.00,37994.00,7365.00,3442.00,0.00,0.00,0.00,16.00
239.00,3.00,37212.00,6738.00,3399.00,0.00,1.00,1.00,16.00
240.00,2.00,35229.00,5867.00,3730.00,0.00,1.00,0.00,16.00
241.00,1.00,36608.00,6744.00,3128.00,1.00,0.00,0.00,16.00
242.00,3.00,40909.00,8895.00,4045.00,1.00,1.00,0.00,16.00
243.00,5.00,36336.00,7305.00,3755.00,1.00,1.00,1.00,16.00
244.00,3.00,35889.00,7577.00,3933.00,0.00,1.00,0.00,16.00
245.00,1.00,39480.00,9076.00,3932.00,1.00,1.00,0.00,16.00
246.00,2.00,38268.00,8935.00,4441.00,1.00,0.00,0.00,17.00
247.00,3.00,42005.00,9338.00,4404.00,1.00,0.00,0.00,17.00
248.00,1.00,35020.00,7008.00,3594.00,0.00,1.00,0.00,17.00
249.00,3.00,41243.00,8016.00,4243.00,0.00,0.00,0.00,17.00
250.00,4.00,45274.00,9095.00,4040.00,0.00,0.00,0.00,17.00
251.00,2.00,40604.00,9541.00,3940.00,0.00,1.00,0.00,17.00
252.00,2.00,42380.00,8027.00,4639.00,0.00,0.00,0.00,17.00
253.00,3.00,42576.00,9677.00,5134.00,1.00,0.00,1.00,17.00
254.00,3.00,48097.00,8888.00,4592.00,1.00,0.00,1.00,17.00
255.00,4.00,39953.00,8221.00,3777.00,0.00,0.00,0.00,17.00
256.00,3.00,48089.00,10060.00,4481.00,1.00,1.00,0.00,18.00
257.00,5.00,31991.00,6703.00,3139.00,0.00,0.00,0.00,18.00
258.00,1.00,35441.00,7314.00,3259.00,0.00,0.00,0.00,18.00
259.00,4.00,37890.00,8577.00,4205.00,1.00,0.00,0.00,18.00
260.00,3.00,40821.00,8941.00,4876.00,0.00,0.00,0.00,18.00
261.00,1.00,38477.00,7861.00,3534.00,0.00,0.00,0.00,18.00
262.00,4.00,47318.00,9862.00,5333.00,1.00,1.00,0.00,18.00
263.00,1.00,45449.00,9687.00,4681.00,1.00,0.00,1.00,18.00
264.00,4.00,36785.00,6889.00,3175.00,1.00,0.00,0.00,18.00
265.00,1.00,33072.00,7014.00,3152.00,1.00,0.00,0.00,18.00
266.00,4.00,39286.00,7912.00,4801.00,1.00,0.00,0.00,18.00
267.00,2.00,45414.00,10173.00,4864.00,1.00,0.00,1.00,18.00
268.00,4.00,36677.00,6877.00,3251.00,1.00,0.00,0.00,18.00
269.00,3.00,38259.00,7198.00,4419.00,1.00,0.00,0.00,18.00
270.00,1.00,45707.00,9737.00,4726.00,1.00,0.00,0.00,18.00
271.00,5.00,40202.00,8280.00,3030.00,0.00,0.00,0.00,19.00
272.00,4.00,46410.00,8578.00,4537.00,1.00,1.00,0.00,19.00
273.00,4.00,48246.00,8924.00,5293.00,0.00,1.00,0.00,19.00
274.00,2.00,44316.00,8478.00,3759.00,1.00,1.00,0.00,19.00
275.00,1.00,30694.00,6002.00,2399.00,0.00,1.00,1.00,19.00
276.00,1.00,31376.00,5779.00,2986.00,1.00,0.00,0.00,19.00
277.00,2.00,30661.00,6089.00,2259.00,0.00,0.00,0.00,19.00
278.00,1.00,46658.00,9170.00,5198.00,1.00,1.00,0.00,19.00
279.00,4.00,43219.00,8103.00,3726.00,1.00,1.00,0.00,19.00
280.00,2.00,35178.00,7592.00,3272.00,1.00,1.00,0.00,19.00
281.00,3.00,49361.00,9149.00,4214.00,1.00,0.00,1.00,19.00
282.00,1.00,37852.00,6365.00,4703.00,0.00,1.00,0.00,19.00
283.00,4.00,46870.00,10367.00,4850.00,0.00,0.00,0.00,19.00
284.00,3.00,43776.00,9857.00,5217.00,1.00,1.00,0.00,19.00
285.00,2.00,43048.00,8903.00,4669.00,1.00,1.00,0.00,19.00
286.00,3.00,44105.00,8965.00,5267.00,1.00,1.00,1.00,19.00
287.00,2.00,43331.00,9138.00,4418.00,1.00,0.00,0.00,19.00
288.00,2.00,45977.00,9486.00,4375.00,0.00,0.00,0.00,19.00
289.00,1.00,44367.00,9130.00,4178.00,0.00,1.00,0.00,19.00
290.00,1.00,36412.00,7534.00,3145.00,1.00,1.00,0.00,19.00
291.00,5.00,46422.00,10065.00,4441.00,1.00,1.00,0.00,20.00
292.00,2.00,46216.00,9899.00,6186.00,0.00,0.00,0.00,20.00
293.00,6.00,34183.00,7705.00,3797.00,0.00,1.00,0.00,20.00
294.00,3.00,38894.00,7325.00,2577.00,1.00,0.00,0.00,20.00
295.00,5.00,38530.00,7931.00,4032.00,1.00,0.00,0.00,20.00
296.00,5.00,35551.00,6982.00,3757.00,1.00,0.00,0.00,20.00
297.00,5.00,45720.00,9764.00,5103.00,1.00,1.00,0.00,20.00
298.00,3.00,40199.00,8368.00,4627.00,0.00,0.00,0.00,20.00
299.00,4.00,41127.00,7661.00,3132.00,1.00,1.00,0.00,20.00
300.00,1.00,46825.00,9726.00,3774.00,0.00,0.00,0.00,20.00
301.00,4.00,34800.00,7243.00,3820.00,1.00,0.00,0.00,21.00
302.00,3.00,32605.00,5755.00,3204.00,1.00,1.00,0.00,21.00
303.00,4.00,49762.00,10910.00,4880.00,1.00,1.00,0.00,21.00
304.00,1.00,36262.00,6636.00,3140.00,0.00,0.00,0.00,21.00
305.00,4.00,33820.00,6180.00,4037.00,1.00,0.00,0.00,21.00
306.00,1.00,34209.00,6712.00,3197.00,1.00,0.00,0.00,21.00
307.00,4.00,43164.00,7726.00,4049.00,0.00,1.00,0.00,21.00
308.00,2.00,35957.00,6808.00,3000.00,0.00,0.00,0.00,21.00
309.00,1.00,46490.00,10362.00,3952.00,1.00,0.00,0.00,21.00
310.00,4.00,35599.00,7415.00,3502.00,0.00,1.00,0.00,21.00
311.00,6.00,43335.00,9577.00,4593.00,1.00,0.00,0.00,21.00
312.00,4.00,43199.00,8121.00,4642.00,1.00,0.00,0.00,21.00
313.00,4.00,31324.00,7008.00,2988.00,1.00,1.00,0.00,21.00
314.00,4.00,46208.00,10066.00,4519.00,1.00,0.00,0.00,21.00
315.00,5.00,42073.00,8058.00,4230.00,1.00,0.00,0.00,21.00
316.00,2.00,42861.00,8413.00,3468.00,0.00,0.00,0.00,22.00
317.00,3.00,46898.00,10076.00,5645.00,1.00,0.00,0.00,22.00
318.00,1.00,40394.00,7948.00,3985.00,0.00,1.00,1.00,22.00
319.00,5.00,36638.00,7447.00,4592.00,0.00,0.00,0.00,22.00
320.00,5.00,40359.00,7420.00,4409.00,0.00,1.00,0.00,22.00
321.00,2.00,41013.00,8801.00,3988.00,1.00,0.00,0.00,22.00
322.00,4.00,47689.00,9364.00,4700.00,1.00,0.00,0.00,22.00
323.00,1.00,43257.00,9614.00,3770.00,0.00,0.00,0.00,22.00
324.00,1.00,30506.00,6617.00,2897.00,0.00,0.00,0.00,22.00
325.00,2.00,41589.00,7086.00,3925.00,0.00,0.00,0.00,22.00
326.00,4.00,40487.00,8621.00,4345.00,1.00,1.00,1.00,22.00
327.00,5.00,51582.00,10934.00,5506.00,1.00,0.00,0.00,22.00
328.00,1.00,44896.00,9774.00,4076.00,1.00,0.00,0.00,22.00
329.00,3.00,48991.00,10886.00,4228.00,1.00,1.00,0.00,22.00
330.00,1.00,32612.00,6814.00,3169.00,1.00,0.00,0.00,22.00
331.00,3.00,42303.00,8465.00,3282.00,1.00,0.00,1.00,22.00
332.00,3.00,43765.00,10273.00,4572.00,0.00,0.00,0.00,22.00
333.00,3.00,34461.00,7579.00,4115.00,1.00,0.00,0.00,22.00
334.00,6.00,42203.00,8502.00,4297.00,1.00,0.00,0.00,22.00
335.00,2.00,40079.00,9448.00,3429.00,0.00,0.00,0.00,22.00
336.00,1.00,33262.00,7120.00,3106.00,1.00,0.00,0.00,23.00
337.00,1.00,40708.00,8915.00,4175.00,1.00,1.00,0.00,23.00
338.00,2.00,39891.00,6937.00,4481.00,0.00,0.00,0.00,23.00
339.00,2.00,46945.00,9146.00,4768.00,1.00,1.00,1.00,23.00
340.00,6.00,47188.00,8948.00,3655.00,1.00,1.00,0.00,23.00
341.00,3.00,36273.00,7453.00,4207.00,0.00,0.00,0.00,23.00
342.00,3.00,38876.00,7804.00,3700.00,0.00,0.00,0.00,23.00
343.00,1.00,32834.00,6119.00,3764.00,1.00,1.00,0.00,23.00
344.00,3.00,34023.00,6338.00,4023.00,1.00,1.00,0.00,23.00
345.00,2.00,43803.00,10041.00,4234.00,1.00,0.00,0.00,23.00
346.00,5.00,36239.00,7579.00,4181.00,1.00,1.00,0.00,24.00
347.00,3.00,39878.00,8411.00,3490.00,0.00,0.00,0.00,24.00
348.00,4.00,39127.00,6948.00,4278.00,1.00,0.00,0.00,24.00
349.00,6.00,34239.00,7278.00,3121.00,0.00,0.00,0.00,24.00
350.00,2.00,38264.00,7229.00,5006.00,1.00,1.00,0.00,24.00
351.00,2.00,36419.00,7797.00,4460.00,0.00,1.00,0.00,24.00
352.00,3.00,40260.00,7919.00,3905.00,1.00,0.00,0.00,24.00
353.00,4.00,40233.00,7607.00,3604.00,1.00,0.00,0.00,24.00
354.00,5.00,46575.00,9040.00,4427.00,0.00,1.00,0.00,24.00
355.00,2.00,39271.00,7766.00,3659.00,1.00,0.00,1.00,24.00
356.00,4.00,35478.00,7184.00,3823.00,1.00,0.00,0.00,24.00
357.00,4.00,35852.00,7329.00,3933.00,1.00,1.00,0.00,24.00
358.00,3.00,41121.00,9175.00,4524.00,0.00,0.00,0.00,24.00
359.00,3.00,45901.00,9544.00,3405.00,0.00,0.00,0.00,24.00
360.00,4.00,40345.00,9034.00,3976.00,0.00,0.00,1.00,24.00
361.00,2.00,39273.00,7916.00,4212.00,0.00,0.00,0.00,25.00
362.00,3.00,36845.00,7285.00,4086.00,0.00,0.00,0.00,25.00
363.00,3.00,38809.00,7616.00,4143.00,1.00,0.00,0.00,25.00
364.00,3.00,39924.00,8975.00,2587.00,1.00,0.00,0.00,25.00
365.00,1.00,48152.00,10021.00,4163.00,1.00,0.00,0.00,25.00
366.00,2.00,42489.00,8326.00,4175.00,0.00,1.00,0.00,25.00
367.00,4.00,44308.00,8918.00,3881.00,0.00,0.00,0.00,25.00
368.00,4.00,41503.00,7834.00,4121.00,1.00,0.00,0.00,25.00
369.00,2.00,37358.00,8158.00,2978.00,0.00,0.00,0.00,25.00
370.00,1.00,34963.00,6256.00,3595.00,1.00,1.00,0.00,25.00
371.00,5.00,37882.00,7932.00,3862.00,1.00,0.00,0.00,25.00
372.00,3.00,38966.00,8528.00,4061.00,1.00,1.00,0.00,25.00
373.00,4.00,38755.00,8599.00,2748.00,0.00,0.00,0.00,25.00
374.00,2.00,42717.00,8637.00,4403.00,1.00,0.00,0.00,25.00
375.00,3.00,43319.00,10071.00,4885.00,0.00,0.00,0.00,25.00
376.00,2.00,54774.00,9613.00,4084.00,1.00,0.00,0.00,25.00
377.00,3.00,32728.00,6511.00,2805.00,1.00,1.00,0.00,25.00
378.00,2.00,36555.00,7376.00,3158.00,0.00,0.00,0.00,25.00
379.00,4.00,42794.00,9280.00,3308.00,1.00,1.00,0.00,25.00
380.00,4.00,45478.00,9374.00,5251.00,1.00,0.00,0.00,25.00
381.00,1.00,36127.00,7422.00,3748.00,0.00,0.00,0.00,26.00
382.00,3.00,36329.00,7358.00,4124.00,0.00,0.00,0.00,26.00
383.00,4.00,40103.00,8000.00,3731.00,0.00,1.00,0.00,26.00
384.00,1.00,46695.00,9829.00,4977.00,0.00,0.00,0.00,26.00
385.00,3.00,46332.00,9846.00,5604.00,0.00,1.00,0.00,26.00
386.00,4.00,46949.00,9153.00,4554.00,1.00,1.00,0.00,26.00
387.00,2.00,44708.00,8941.00,3474.00,1.00,0.00,0.00,26.00
388.00,1.00,38667.00,7358.00,4144.00,0.00,0.00,0.00,26.00
389.00,2.00,46201.00,10133.00,4729.00,0.00,1.00,0.00,26.00
390.00,4.00,48307.00,11035.00,4136.00,1.00,0.00,0.00,26.00
391.00,4.00,41896.00,7480.00,3593.00,0.00,0.00,0.00,27.00
392.00,2.00,44631.00,9207.00,5288.00,1.00,1.00,0.00,27.00
393.00,2.00,36554.00,6957.00,3992.00,1.00,0.00,0.00,27.00
394.00,3.00,44115.00,9710.00,4304.00,0.00,0.00,0.00,27.00
395.00,5.00,43914.00,9254.00,4665.00,1.00,1.00,0.00,27.00
396.00,3.00,31257.00,6163.00,3464.00,0.00,0.00,0.00,27.00
397.00,3.00,39205.00,7551.00,4256.00,0.00,0.00,0.00,27.00
398.00,5.00,40472.00,7990.00,3563.00,0.00,0.00,0.00,27.00
399.00,1.00,47606.00,10637.00,4286.00,1.00,1.00,0.00,27.00
400.00,4.00,36443.00,7385.00,3900.00,0.00,1.00,0.00,27.00
401.00,2.00,45420.00,9100.00,4543.00,0.00,1.00,0.00,27.00
402.00,3.00,38160.00,7854.00,4833.00,1.00,0.00,0.00,27.00
403.00,3.00,36619.00,7726.00,3117.00,0.00,1.00,0.00,27.00
404.00,4.00,40750.00,8658.00,3825.00,1.00,1.00,0.00,27.00
405.00,1.00,34168.00,6069.00,3069.00,1.00,0.00,0.00,27.00
406.00,2.00,41624.00,8349.00,4376.00,1.00,0.00,0.00,28.00
407.00,4.00,51478.00,9766.00,4887.00,0.00,0.00,0.00,28.00
408.00,2.00,41043.00,8124.00,3998.00,0.00,0.00,0.00,28.00
409.00,4.00,40788.00,8119.00,4213.00,1.00,0.00,0.00,28.00
410.00,4.00,43026.00,9529.00,3280.00,1.00,0.00,0.00,28.00
411.00,1.00,48384.00,9306.00,5904.00,1.00,0.00,0.00,28.00
412.00,2.00,37056.00,7474.00,3025.00,0.00,1.00,1.00,28.00
413.00,2.00,37717.00,7378.00,3619.00,1.00,0.00,1.00,28.00
414.00,3.00,35306.00,7196.00,3897.00,0.00,0.00,0.00,28.00
415.00,2.00,51783.00,9730.00,6333.00,1.00,1.00,0.00,28.00
416.00,1.00,40555.00,7888.00,3582.00,1.00,0.00,0.00,28.00
417.00,1.00,41944.00,8033.00,3845.00,1.00,0.00,0.00,28.00
418.00,3.00,42686.00,9284.00,3664.00,1.00,0.00,0.00,28.00
419.00,1.00,37887.00,8018.00,3870.00,1.00,1.00,0.00,28.00
420.00,1.00,43039.00,8095.00,6076.00,1.00,1.00,0.00,28.00
421.00,2.00,38898.00,8173.00,4380.00,0.00,0.00,0.00,28.00
422.00,2.00,47048.00,9822.00,5282.00,0.00,1.00,0.00,28.00
423.00,4.00,46346.00,9241.00,5074.00,1.00,0.00,0.00,28.00
424.00,1.00,37910.00,7911.00,3655.00,0.00,0.00,0.00,28.00
425.00,5.00,42444.00,8327.00,4009.00,1.00,1.00,0.00,28.00
426.00,4.00,33632.00,7131.00,2295.00,0.00,0.00,0.00,29.00
427.00,1.00,37245.00,7211.00,3561.00,0.00,0.00,0.00,29.00
428.00,2.00,33055.00,6109.00,2927.00,1.00,1.00,0.00,29.00
429.00,3.00,40689.00,6891.00,4127.00,1.00,1.00,0.00,29.00
430.00,3.00,34488.00,7337.00,2687.00,1.00,1.00,0.00,29.00
431.00,2.00,35628.00,7732.00,3713.00,0.00,1.00,0.00,29.00
432.00,2.00,34777.00,7569.00,3588.00,1.00,1.00,0.00,29.00
433.00,2.00,42261.00,9730.00,5062.00,1.00,0.00,1.00,29.00
434.00,2.00,33114.00,7318.00,3056.00,0.00,1.00,0.00,29.00
435.00,2.00,40723.00,7576.00,4248.00,1.00,0.00,0.00,29.00
436.00,2.00,39005.00,8988.00,3520.00,1.00,1.00,0.00,30.00
437.00,4.00,42781.00,7602.00,5736.00,0.00,1.00,0.00,30.00
438.00,3.00,38735.00,6488.00,3882.00,1.00,0.00,0.00,30.00
439.00,1.00,32065.00,5709.00,2832.00,0.00,0.00,0.00,30.00
440.00,1.00,35739.00,7066.00,3417.00,1.00,0.00,0.00,30.00
441.00,3.00,41183.00,8710.00,3307.00,1.00,0.00,0.00,30.00
442.00,4.00,33631.00,6614.00,4189.00,1.00,0.00,0.00,30.00
443.00,4.00,44699.00,9759.00,5024.00,0.00,0.00,1.00,30.00
444.00,2.00,47639.00,9819.00,5387.00,1.00,0.00,0.00,30.00
445.00,3.00,40597.00,8272.00,3848.00,1.00,0.00,0.00,30.00
446.00,1.00,51988.00,11381.00,5398.00,0.00,1.00,0.00,30.00
447.00,4.00,30654.00,6726.00,3218.00,1.00,0.00,0.00,30.00
448.00,1.00,33726.00,6691.00,3226.00,0.00,0.00,0.00,30.00
449.00,4.00,43463.00,9057.00,2950.00,1.00,0.00,0.00,30.00
450.00,1.00,38675.00,8439.00,2885.00,0.00,0.00,0.00,30.00
451.00,4.00,43871.00,8611.00,4190.00,1.00,1.00,0.00,31.00
452.00,4.00,39111.00,7747.00,3833.00,1.00,1.00,0.00,31.00
453.00,3.00,45570.00,8257.00,4872.00,0.00,0.00,0.00,31.00
454.00,3.00,36406.00,7897.00,4001.00,0.00,1.00,0.00,31.00
455.00,1.00,40785.00,8044.00,4278.00,0.00,1.00,0.00,31.00
456.00,5.00,31695.00,7022.00,4228.00,0.00,0.00,0.00,31.00
457.00,2.00,38715.00,7167.00,4716.00,1.00,0.00,0.00,31.00
458.00,3.00,49722.00,8965.00,4182.00,1.00,1.00,0.00,31.00
459.00,3.00,48721.00,9254.00,5302.00,1.00,1.00,0.00,31.00
460.00,2.00,41785.00,7959.00,5131.00,0.00,0.00,1.00,31.00
461.00,5.00,36659.00,6519.00,3963.00,0.00,0.00,0.00,31.00
462.00,3.00,44220.00,8190.00,4401.00,1.00,0.00,1.00,31.00
463.00,1.00,49331.00,10908.00,4748.00,0.00,0.00,0.00,31.00
464.00,3.00,35556.00,6469.00,3162.00,0.00,1.00,0.00,31.00
465.00,3.00,36985.00,8021.00,4573.00,0.00,0.00,0.00,31.00
466.00,4.00,44943.00,8719.00,4575.00,0.00,1.00,0.00,31.00
467.00,1.00,37929.00,8366.00,2673.00,1.00,0.00,0.00,31.00
468.00,1.00,36058.00,7646.00,3164.00,1.00,0.00,0.00,31.00
469.00,4.00,41432.00,8178.00,3375.00,0.00,0.00,1.00,31.00
470.00,2.00,37013.00,7602.00,3516.00,1.00,0.00,0.00,31.00
471.00,4.00,31089.00,6495.00,2848.00,0.00,0.00,0.00,32.00
472.00,4.00,37665.00,7592.00,4323.00,1.00,0.00,0.00,32.00
473.00,2.00,39840.00,8926.00,3413.00,0.00,1.00,0.00,32.00
474.00,4.00,43339.00,8287.00,4691.00,1.00,0.00,0.00,32.00
475.00,5.00,37862.00,6936.00,4148.00,1.00,1.00,0.00,32.00
476.00,3.00,34296.00,7409.00,2770.00,1.00,0.00,0.00,32.00
477.00,2.00,44085.00,10368.00,4507.00,1.00,1.00,0.00,32.00
478.00,4.00,35305.00,6603.00,3251.00,1.00,1.00,0.00,32.00
479.00,2.00,44530.00,8941.00,3759.00,0.00,1.00,0.00,32.00
480.00,2.00,52149.00,11708.00,6205.00,1.00,0.00,0.00,32.00
481.00,2.00,40556.00,7942.00,5152.00,1.00,1.00,1.00,33.00
482.00,1.00,39973.00,9246.00,2895.00,1.00,1.00,0.00,33.00
483.00,1.00,39164.00,8992.00,4305.00,0.00,0.00,0.00,33.00
484.00,4.00,37521.00,7914.00,3077.00,1.00,1.00,0.00,33.00
485.00,3.00,32065.00,6304.00,3730.00,0.00,0.00,0.00,33.00
486.00,2.00,42847.00,8956.00,3688.00,1.00,0.00,0.00,33.00
487.00,4.00,36485.00,6985.00,3575.00,1.00,0.00,0.00,33.00
488.00,2.00,36138.00,7016.00,2506.00,1.00,0.00,0.00,33.00
489.00,5.00,49936.00,9411.00,4738.00,1.00,0.00,1.00,33.00
490.00,1.00,35271.00,7903.00,4097.00,0.00,1.00,0.00,33.00
491.00,3.00,39604.00,6870.00,2931.00,1.00,1.00,1.00,33.00
492.00,4.00,50727.00,11238.00,4475.00,0.00,0.00,0.00,33.00
493.00,3.00,40961.00,7704.00,3931.00,1.00,0.00,0.00,33.00
494.00,4.00,44892.00,9852.00,5732.00,0.00,1.00,0.00,33.00
495.00,1.00,40852.00,7928.00,4646.00,0.00,1.00,0.00,33.00
496.00,3.00,32730.00,6660.00,3115.00,1.00,1.00,0.00,34.00
497.00,5.00,48894.00,9647.00,6215.00,1.00,0.00,1.00,34.00
498.00,1.00,37625.00,6925.00,2957.00,1.00,1.00,0.00,34.00
499.00,5.00,38883.00,7393.00,4816.00,1.00,1.00,0.00,34.00
500.00,2.00,44129.00,8924.00,5366.00,0.00,0.00,0.00,34.00
501.00,4.00,35201.00,6565.00,4075.00,1.00,0.00,0.00,34.00
502.00,3.00,39562.00,7065.00,3812.00,0.00,0.00,0.00,34.00
503.00,1.00,39223.00,6892.00,5203.00,1.00,1.00,0.00,34.00
504.00,2.00,35301.00,6503.00,2844.00,1.00,0.00,0.00,34.00
505.00,3.00,53722.00,11271.00,5581.00,1.00,1.00,0.00,34.00
506.00,1.00,42258.00,7630.00,5324.00,1.00,1.00,0.00,34.00
507.00,1.00,30475.00,6674.00,2350.00,1.00,0.00,0.00,34.00
508.00,4.00,39844.00,7894.00,4509.00,1.00,0.00,0.00,34.00
509.00,1.00,38952.00,8617.00,3537.00,1.00,0.00,0.00,34.00
510.00,2.00,44837.00,9461.00,4224.00,1.00,1.00,0.00,34.00
511.00,3.00,43349.00,8855.00,3617.00,1.00,1.00,0.00,34.00
512.00,4.00,47314.00,9441.00,5298.00,1.00,0.00,0.00,34.00
513.00,3.00,42621.00,8334.00,4593.00,1.00,0.00,0.00,34.00
514.00,4.00,36344.00,8300.00,3826.00,0.00,0.00,0.00,34.00
515.00,4.00,44711.00,8483.00,5456.00,1.00,0.00,1.00,34.00
516.00,1.00,44816.00,8477.00,4684.00,1.00,0.00,0.00,35.00
517.00,5.00,43265.00,8878.00,3848.00,1.00,1.00,0.00,35.00
518.00,3.00,36798.00,7210.00,3460.00,0.00,1.00,1.00,35.00
519.00,2.00,38848.00,7976.00,4238.00,1.00,0.00,0.00,35.00
520.00,4.00,38370.00,8475.00,4585.00,1.00,1.00,0.00,35.00
521.00,2.00,38469.00,8135.00,4717.00,0.00,0.00,0.00,35.00
522.00,2.00,40371.00,7873.00,4082.00,0.00,0.00,0.00,35.00
523.00,5.00,33114.00,6879.00,3342.00,1.00,0.00,0.00,35.00
524.00,4.00,40004.00,7595.00,4344.00,1.00,0.00,0.00,35.00
525.00,2.00,39476.00,7628.00,3019.00,1.00,0.00,0.00,35.00
526.00,2.00,39124.00,8036.00,4532.00,0.00,0.00,0.00,36.00
527.00,2.00,40169.00,7189.00,4324.00,0.00,1.00,0.00,36.00
528.00,2.00,41512.00,8274.00,3813.00,1.00,1.00,0.00,36.00
529.00,3.00,37847.00,7138.00,4218.00,1.00,0.00,0.00,36.00
530.00,2.00,40763.00,7552.00,3955.00,1.00,0.00,1.00,36.00
531.00,4.00,33984.00,6517.00,2986.00,0.00,0.00,0.00,36.00
532.00,3.00,50802.00,10775.00,5540.00,1.00,0.00,0.00,36.00
533.00,3.00,38856.00,7614.00,3412.00,0.00,0.00,0.00,36.00
534.00,3.00,38825.00,8115.00,4160.00,1.00,0.00,1.00,36.00
535.00,3.00,36801.00,7505.00,3171.00,1.00,0.00,0.00,36.00
536.00,3.00,36783.00,7943.00,4241.00,1.00,0.00,0.00,36.00
537.00,5.00,41313.00,8177.00,4038.00,0.00,0.00,0.00,36.00
538.00,4.00,38745.00,6589.00,4650.00,1.00,0.00,1.00,36.00
539.00,1.00,34238.00,6954.00,2891.00,0.00,0.00,0.00,36.00
540.00,1.00,38726.00,7105.00,4199.00,1.00,1.00,0.00,36.00
541.00,3.00,38504.00,7557.00,4376.00,1.00,1.00,0.00,37.00
542.00,5.00,33243.00,7405.00,3232.00,1.00,0.00,0.00,37.00
543.00,4.00,35732.00,8140.00,4073.00,0.00,0.00,0.00,37.00
544.00,2.00,51030.00,9447.00,4391.00,1.00,0.00,0.00,37.00
545.00,4.00,40223.00,8888.00,3173.00,0.00,0.00,0.00,37.00
546.00,1.00,46372.00,9663.00,4207.00,1.00,0.00,0.00,37.00
547.00,1.00,43314.00,8863.00,3757.00,1.00,0.00,0.00,37.00
548.00,2.00,41689.00,8658.00,3975.00,1.00,0.00,1.00,37.00
549.00,1.00,44405.00,9434.00,4772.00,1.00,0.00,0.00,37.00
550.00,4.00,34941.00,6997.00,3162.00,1.00,0.00,0.00,37.00
551.00,1.00,34783.00,7185.00,3755.00,0.00,0.00,0.00,37.00
552.00,2.00,40525.00,8232.00,4224.00,0.00,0.00,0.00,37.00
553.00,2.00,36336.00,6728.00,3979.00,1.00,1.00,0.00,37.00
554.00,4.00,45853.00,8530.00,4956.00,0.00,0.00,0.00,37.00
555.00,2.00,44936.00,8520.00,4102.00,1.00,0.00,0.00,37.00
556.00,3.00,31249.00,6593.00,3191.00,1.00,1.00,0.00,37.00
557.00,1.00,41657.00,7846.00,3666.00,1.00,0.00,0.00,37.00
558.00,1.00,38256.00,8747.00,4082.00,1.00,1.00,0.00,37.00
559.00,1.00,33296.00,6094.00,3699.00,0.00,0.00,0.00,37.00
560.00,3.00,41905.00,8136.00,4155.00,1.00,1.00,0.00,37.00
561.00,5.00,46310.00,9568.00,5222.00,1.00,0.00,0.00,38.00
562.00,2.00,34604.00,7579.00,3168.00,0.00,1.00,0.00,38.00
563.00,5.00,32703.00,7860.00,3115.00,0.00,0.00,0.00,38.00
564.00,3.00,30052.00,5482.00,2728.00,1.00,1.00,0.00,38.00
565.00,2.00,43746.00,8266.00,4902.00,0.00,0.00,0.00,38.00
566.00,1.00,31143.00,5896.00,3745.00,0.00,0.00,0.00,38.00
567.00,3.00,38993.00,8277.00,2612.00,0.00,0.00,0.00,38.00
568.00,1.00,37472.00,7455.00,2832.00,1.00,1.00,0.00,38.00
569.00,2.00,45121.00,10623.00,4757.00,1.00,1.00,0.00,38.00
570.00,3.00,42084.00,8816.00,4207.00,1.00,0.00,0.00,38.00
571.00,4.00,37879.00,7575.00,3156.00,0.00,1.00,0.00,39.00
572.00,3.00,44671.00,9083.00,4949.00,0.00,1.00,0.00,39.00
573.00,1.00,42164.00,7300.00,4706.00,0.00,1.00,0.00,39.00
574.00,3.00,30906.00,6089.00,3623.00,0.00,1.00,0.00,39.00
575.00,3.00,36229.00,6869.00,3667.00,0.00,0.00,0.00,39.00
576.00,3.00,51093.00,10711.00,5549.00,0.00,0.00,0.00,39.00
577.00,1.00,37408.00,7851.00,3962.00,0.00,1.00,0.00,39.00
578.00,2.00,47224.00,9714.00,4488.00,1.00,0.00,0.00,39.00
579.00,3.00,39930.00,8028.00,3723.00,0.00,0.00,0.00,39.00
580.00,2.00,41999.00,8974.00,5284.00,0.00,0.00,0.00,39.00
581.00,2.00,46479.00,8348.00,4683.00,1.00,0.00,0.00,39.00
582.00,5.00,32662.00,6168.00,3043.00,1.00,1.00,0.00,39.00
583.00,2.00,35512.00,7178.00,3164.00,1.00,1.00,0.00,39.00
584.00,3.00,42948.00,7885.00,3636.00,0.00,0.00,0.00,39.00
585.00,2.00,42115.00,9151.00,4581.00,1.00,1.00,0.00,39.00
586.00,4.00,39166.00,7838.00,4176.00,0.00,0.00,0.00,40.00
587.00,2.00,42740.00,7633.00,3844.00,0.00,1.00,1.00,40.00
588.00,3.00,37801.00,7776.00,3695.00,1.00,1.00,0.00,40.00
589.00,5.00,44613.00,9887.00,5454.00,1.00,0.00,0.00,40.00
590.00,1.00,38201.00,9331.00,4114.00,1.00,0.00,0.00,40.00
591.00,2.00,40340.00,9434.00,4101.00,1.00,0.00,0.00,40.00
592.00,4.00,41213.00,9526.00,3905.00,0.00,0.00,0.00,40.00
593.00,2.00,38393.00,7008.00,3576.00,1.00,0.00,1.00,40.00
594.00,1.00,44254.00,9094.00,4509.00,1.00,0.00,0.00,40.00
595.00,2.00,42068.00,8696.00,3525.00,0.00,1.00,0.00,40.00
596.00,1.00,41520.00,7459.00,3694.00,0.00,1.00,0.00,40.00
597.00,4.00,39359.00,8875.00,3648.00,1.00,0.00,0.00,40.00
598.00,3.00,41106.00,8553.00,3622.00,1.00,1.00,0.00,40.00
599.00,3.00,40287.00,8723.00,3053.00,0.00,0.00,0.00,40.00
600.00,3.00,39987.00,7672.00,3847.00,1.00,1.00,0.00,40.00
601.00,2.00,37749.00,7358.00,3573.00,0.00,0.00,1.00,40.00
602.00,4.00,44279.00,9135.00,3684.00,0.00,1.00,0.00,40.00
603.00,2.00,39260.00,6869.00,3419.00,1.00,0.00,0.00,40.00
604.00,4.00,42332.00,8644.00,5456.00,1.00,1.00,1.00,40.00
605.00,2.00,36160.00,6722.00,3123.00,0.00,1.00,0.00,40.00
606.00,3.00,43123.00,8586.00,4379.00,1.00,0.00,0.00,41.00
607.00,1.00,45336.00,8440.00,5329.00,0.00,1.00,0.00,41.00
608.00,4.00,43474.00,10466.00,5152.00,0.00,0.00,0.00,41.00
609.00,1.00,42441.00,8613.00,5577.00,1.00,0.00,0.00,41.00
610.00,2.00,40968.00,8560.00,4080.00,1.00,0.00,1.00,41.00
611.00,2.00,41212.00,9040.00,3699.00,0.00,0.00,0.00,41.00
612.00,1.00,41449.00,7339.00,3473.00,1.00,0.00,0.00,41.00
613.00,1.00,47129.00,8889.00,5332.00,0.00,0.00,0.00,41.00
614.00,2.00,36774.00,8310.00,3897.00,0.00,0.00,0.00,41.00
615.00,1.00,41471.00,8059.00,3727.00,1.00,1.00,0.00,41.00
616.00,3.00,46411.00,8452.00,3835.00,1.00,0.00,0.00,42.00
617.00,1.00,45130.00,9910.00,3989.00,1.00,1.00,0.00,42.00
618.00,2.00,36730.00,6675.00,4123.00,1.00,1.00,0.00,42.00
619.00,3.00,31576.00,7251.00,3112.00,1.00,0.00,0.00,42.00
620.00,3.00,45678.00,10849.00,3915.00,0.00,1.00,0.00,42.00
621.00,2.00,46324.00,9328.00,5081.00,0.00,0.00,0.00,42.00
622.00,3.00,39225.00,7540.00,3722.00,1.00,1.00,0.00,42.00
623.00,3.00,37506.00,7570.00,3880.00,0.00,1.00,0.00,42.00
624.00,3.00,45747.00,9146.00,5454.00,1.00,1.00,0.00,42.00
625.00,1.00,39778.00,7962.00,4611.00,1.00,0.00,0.00,42.00
626.00,4.00,31644.00,6557.00,3276.00,1.00,1.00,0.00,42.00
627.00,3.00,53226.00,10965.00,5589.00,1.00,0.00,0.00,42.00
628.00,4.00,37220.00,8896.00,4095.00,1.00,0.00,0.00,42.00
629.00,2.00,41271.00,8422.00,3500.00,1.00,1.00,0.00,42.00
630.00,5.00,37406.00,6821.00,4147.00,1.00,1.00,0.00,42.00
631.00,4.00,38176.00,7852.00,4267.00,1.00,0.00,0.00,43.00
632.00,2.00,43575.00,9490.00,4815.00,1.00,0.00,0.00,43.00
633.00,1.00,43793.00,7829.00,4454.00,1.00,1.00,0.00,43.00
634.00,3.00,41705.00,9017.00,4789.00,1.00,0.00,0.00,43.00
635.00,1.00,46966.00,8899.00,4100.00,1.00,1.00,0.00,43.00
636.00,2.00,33860.00,7313.00,3587.00,0.00,1.00,0.00,43.00
637.00,4.00,31138.00,7211.00,3359.00,1.00,1.00,0.00,43.00
638.00,5.00,34248.00,7479.00,3414.00,0.00,0.00,0.00,43.00
639.00,4.00,38220.00,7569.00,3282.00,1.00,1.00,0.00,43.00
640.00,2.00,41975.00,8909.00,4407.00,0.00,0.00,0.00,43.00
641.00,2.00,42188.00,7985.00,4239.00,1.00,0.00,0.00,43.00
642.00,1.00,37763.00,8242.00,3605.00,1.00,1.00,0.00,43.00
643.00,3.00,41877.00,8872.00,4634.00,0.00,0.00,1.00,43.00
644.00,3.00,36636.00,6833.00,3847.00,1.00,0.00,1.00,43.00
645.00,4.00,48022.00,10183.00,4878.00,1.00,0.00,0.00,43.00
646.00,3.00,45505.00,9502.00,5288.00,1.00,0.00,0.00,43.00
647.00,2.00,38560.00,8486.00,3479.00,1.00,0.00,1.00,43.00
648.00,4.00,38868.00,7812.00,4514.00,1.00,0.00,0.00,43.00
649.00,4.00,39702.00,7254.00,4753.00,1.00,1.00,0.00,43.00
650.00,4.00,40639.00,6914.00,4291.00,0.00,1.00,0.00,43.00
651.00,4.00,40538.00,9280.00,4849.00,0.00,1.00,0.00,44.00
652.00,4.00,43090.00,8174.00,4115.00,1.00,0.00,0.00,44.00
653.00,5.00,41446.00,8834.00,4365.00,0.00,1.00,0.00,44.00
654.00,1.00,36483.00,8309.00,3518.00,1.00,1.00,0.00,44.00
655.00,1.00,38972.00,7984.00,3502.00,1.00,1.00,0.00,44.00
656.00,5.00,38170.00,6993.00,4209.00,0.00,1.00,0.00,44.00
657.00,4.00,46175.00,8497.00,5208.00,1.00,1.00,1.00,44.00
658.00,4.00,41524.00,8923.00,4448.00,1.00,1.00,0.00,44.00
659.00,1.00,41822.00,8455.00,4226.00,1.00,0.00,1.00,44.00
660.00,3.00,44292.00,9290.00,5223.00,1.00,1.00,0.00,44.00
661.00,3.00,46252.00,8491.00,4889.00,0.00,1.00,0.00,45.00
662.00,1.00,42563.00,9386.00,3724.00,0.00,0.00,0.00,45.00
663.00,4.00,42703.00,7692.00,3944.00,1.00,1.00,0.00,45.00
664.00,3.00,39641.00,6887.00,3192.00,1.00,1.00,0.00,45.00
665.00,1.00,41767.00,9238.00,3078.00,0.00,0.00,0.00,45.00
666.00,4.00,39970.00,9140.00,3343.00,1.00,0.00,0.00,45.00
667.00,3.00,34968.00,7760.00,3800.00,0.00,1.00,0.00,45.00
668.00,4.00,49027.00,10543.00,4805.00,0.00,1.00,0.00,45.00
669.00,2.00,40864.00,7775.00,4201.00,1.00,1.00,0.00,45.00
670.00,4.00,35640.00,7080.00,3330.00,1.00,0.00,0.00,45.00
671.00,4.00,48637.00,9994.00,6452.00,1.00,0.00,0.00,45.00
672.00,1.00,39844.00,8439.00,3974.00,0.00,0.00,0.00,45.00
673.00,4.00,46187.00,8285.00,3323.00,1.00,0.00,0.00,45.00
674.00,3.00,38419.00,8566.00,2982.00,1.00,0.00,0.00,45.00
675.00,1.00,38528.00,7557.00,3917.00,1.00,1.00,0.00,45.00
676.00,2.00,42816.00,9168.00,4235.00,1.00,0.00,0.00,46.00
677.00,5.00,44001.00,7512.00,4606.00,1.00,1.00,0.00,46.00
678.00,4.00,41652.00,7757.00,4087.00,1.00,0.00,0.00,46.00
679.00,2.00,46791.00,9168.00,5042.00,1.00,1.00,1.00,46.00
680.00,4.00,43465.00,8351.00,2929.00,1.00,1.00,0.00,46.00
681.00,4.00,45672.00,8520.00,5032.00,0.00,0.00,0.00,46.00
682.00,4.00,41309.00,8432.00,3476.00,1.00,1.00,1.00,46.00
683.00,4.00,42010.00,8418.00,2822.00,1.00,1.00,0.00,46.00
684.00,2.00,45244.00,8347.00,4946.00,1.00,0.00,0.00,46.00
685.00,3.00,36208.00,7326.00,4443.00,1.00,0.00,0.00,46.00
686.00,2.00,43098.00,8930.00,4572.00,1.00,0.00,0.00,46.00
687.00,1.00,42089.00,8266.00,5284.00,1.00,1.00,0.00,46.00
688.00,2.00,35257.00,7866.00,3896.00,0.00,0.00,0.00,46.00
689.00,2.00,34520.00,6969.00,4085.00,0.00,0.00,0.00,46.00
690.00,3.00,47039.00,9915.00,4129.00,1.00,1.00,0.00,46.00
691.00,4.00,38086.00,6501.00,3655.00,1.00,0.00,0.00,46.00
692.00,2.00,33523.00,6855.00,3763.00,0.00,0.00,1.00,46.00
693.00,2.00,45132.00,9408.00,3981.00,0.00,0.00,0.00,46.00
694.00,4.00,42900.00,7852.00,4601.00,0.00,1.00,1.00,46.00
695.00,4.00,41193.00,7164.00,4571.00,1.00,0.00,1.00,46.00
696.00,2.00,41713.00,7231.00,3831.00,1.00,0.00,0.00,47.00
697.00,2.00,30983.00,5989.00,3478.00,0.00,0.00,0.00,47.00
698.00,4.00,44962.00,9482.00,5015.00,1.00,0.00,0.00,47.00
699.00,2.00,45053.00,8601.00,4294.00,0.00,0.00,0.00,47.00
700.00,2.00,37291.00,7535.00,3082.00,1.00,0.00,0.00,47.00
701.00,5.00,42045.00,8697.00,4943.00,1.00,1.00,0.00,47.00
702.00,4.00,44527.00,7614.00,5362.00,1.00,0.00,0.00,47.00
703.00,1.00,40589.00,7065.00,4910.00,0.00,0.00,1.00,47.00
704.00,5.00,39005.00,8737.00,4950.00,1.00,0.00,0.00,47.00
705.00,4.00,44419.00,8315.00,6462.00,1.00,0.00,0.00,47.00
706.00,2.00,43626.00,9210.00,3923.00,0.00,1.00,0.00,48.00
707.00,2.00,40547.00,7697.00,3075.00,1.00,1.00,0.00,48.00
708.00,3.00,34669.00,7543.00,3243.00,1.00,1.00,0.00,48.00
709.00,4.00,44614.00,8329.00,5406.00,1.00,0.00,1.00,48.00
710.00,4.00,48354.00,10387.00,5102.00,1.00,1.00,0.00,48.00
711.00,4.00,30928.00,6040.00,2413.00,1.00,0.00,0.00,48.00
712.00,3.00,32156.00,6314.00,2716.00,1.00,1.00,0.00,48.00
713.00,4.00,48688.00,9904.00,4883.00,0.00,1.00,1.00,48.00
714.00,6.00,40267.00,7792.00,3037.00,1.00,0.00,1.00,48.00
715.00,3.00,36503.00,7378.00,4633.00,1.00,0.00,0.00,48.00
716.00,2.00,44565.00,9091.00,4289.00,1.00,0.00,0.00,48.00
717.00,3.00,40931.00,8075.00,4345.00,1.00,0.00,0.00,48.00
718.00,1.00,39287.00,7243.00,4106.00,0.00,1.00,0.00,48.00
719.00,3.00,42604.00,8406.00,4588.00,0.00,1.00,1.00,48.00
720.00,3.00,40474.00,7277.00,4497.00,0.00,1.00,0.00,48.00
721.00,2.00,31802.00,7306.00,3089.00,0.00,0.00,0.00,49.00
722.00,2.00,46550.00,9411.00,4135.00,1.00,0.00,0.00,49.00
723.00,5.00,35362.00,6222.00,3396.00,0.00,1.00,0.00,49.00
724.00,5.00,30231.00,7174.00,3295.00,1.00,1.00,0.00,49.00
725.00,1.00,44779.00,9240.00,4824.00,1.00,1.00,0.00,49.00
726.00,4.00,40626.00,8744.00,4721.00,0.00,1.00,0.00,49.00
727.00,2.00,47597.00,10350.00,4022.00,0.00,1.00,0.00,49.00
728.00,1.00,34227.00,6664.00,4254.00,0.00,1.00,0.00,49.00
729.00,3.00,31825.00,6022.00,3595.00,1.00,0.00,0.00,49.00
730.00,2.00,30564.00,6107.00,2854.00,0.00,0.00,0.00,49.00
731.00,3.00,37537.00,7560.00,4758.00,0.00,0.00,0.00,49.00
732.00,2.00,34063.00,7329.00,3731.00,0.00,0.00,0.00,49.00
733.00,2.00,42161.00,8834.00,3987.00,1.00,0.00,0.00,49.00
734.00,3.00,39183.00,7840.00,3710.00,1.00,1.00,1.00,49.00
735.00,4.00,37556.00,8183.00,4208.00,0.00,0.00,0.00,49.00
736.00,3.00,37580.00,8173.00,3356.00,1.00,1.00,0.00,49.00
737.00,3.00,34017.00,6993.00,3349.00,0.00,1.00,0.00,49.00
738.00,2.00,35060.00,6986.00,3776.00,0.00,0.00,0.00,49.00
739.00,4.00,35121.00,7143.00,3177.00,0.00,0.00,0.00,49.00
740.00,4.00,33661.00,6218.00,3250.00,1.00,0.00,0.00,49.00
741.00,4.00,44070.00,8872.00,4519.00,1.00,0.00,0.00,50.00
742.00,4.00,36647.00,8087.00,4270.00,1.00,1.00,0.00,50.00
743.00,4.00,38134.00,7647.00,4062.00,1.00,0.00,0.00,50.00
744.00,2.00,42767.00,7808.00,3848.00,1.00,0.00,0.00,50.00
745.00,5.00,34236.00,6843.00,2862.00,0.00,1.00,0.00,50.00
746.00,3.00,36948.00,7217.00,3593.00,1.00,1.00,0.00,50.00
747.00,1.00,41851.00,7955.00,3008.00,0.00,0.00,0.00,50.00
748.00,4.00,44128.00,8860.00,4169.00,1.00,1.00,0.00,50.00
749.00,3.00,40516.00,8164.00,4157.00,0.00,0.00,0.00,50.00
750.00,2.00,37207.00,8285.00,4345.00,1.00,0.00,0.00,50.00
751.00,1.00,54576.00,11374.00,5685.00,1.00,1.00,0.00,51.00
752.00,2.00,35527.00,7184.00,4193.00,1.00,0.00,0.00,51.00
753.00,2.00,38585.00,8305.00,2409.00,0.00,0.00,0.00,51.00
754.00,1.00,38035.00,8171.00,4172.00,1.00,1.00,1.00,51.00
755.00,2.00,34313.00,7309.00,2688.00,0.00,0.00,0.00,51.00
756.00,2.00,41631.00,8525.00,3640.00,0.00,0.00,0.00,51.00
757.00,4.00,40796.00,8341.00,4572.00,1.00,0.00,0.00,51.00
758.00,3.00,36413.00,7447.00,3960.00,1.00,1.00,0.00,51.00
759.00,2.00,38554.00,8063.00,4136.00,1.00,1.00,0.00,51.00
760.00,4.00,46780.00,8837.00,4967.00,0.00,1.00,0.00,51.00
761.00,4.00,39310.00,9369.00,4768.00,1.00,1.00,0.00,51.00
762.00,4.00,37018.00,7466.00,3672.00,0.00,0.00,0.00,51.00
763.00,2.00,44410.00,9444.00,3677.00,0.00,0.00,0.00,51.00
764.00,2.00,38200.00,8565.00,4076.00,0.00,0.00,0.00,51.00
765.00,3.00,45018.00,8197.00,4499.00,0.00,1.00,0.00,51.00
766.00,2.00,31296.00,6203.00,2892.00,1.00,0.00,0.00,52.00
767.00,1.00,41252.00,7478.00,3474.00,1.00,0.00,0.00,52.00
768.00,4.00,35555.00,6559.00,3565.00,1.00,1.00,0.00,52.00
769.00,4.00,36952.00,7386.00,4468.00,1.00,1.00,0.00,52.00
770.00,4.00,47729.00,10325.00,4724.00,1.00,1.00,0.00,52.00
771.00,1.00,38068.00,7083.00,3827.00,0.00,1.00,0.00,52.00
772.00,1.00,47787.00,8601.00,5356.00,1.00,1.00,0.00,52.00
773.00,5.00,46877.00,8341.00,4959.00,0.00,1.00,0.00,52.00
774.00,3.00,36735.00,7633.00,3733.00,1.00,1.00,0.00,52.00
775.00,1.00,47705.00,10669.00,4438.00,1.00,0.00,1.00,52.00
776.00,4.00,43177.00,9592.00,5167.00,1.00,0.00,0.00,52.00
777.00,3.00,33741.00,6975.00,2944.00,1.00,1.00,0.00,52.00
778.00,2.00,43625.00,8487.00,4937.00,1.00,1.00,0.00,52.00
779.00,1.00,45200.00,9154.00,2702.00,1.00,0.00,0.00,52.00
780.00,4.00,43568.00,8377.00,4438.00,1.00,0.00,1.00,52.00
781.00,1.00,42676.00,8966.00,3944.00,1.00,0.00,0.00,52.00
782.00,5.00,48075.00,9753.00,5056.00,1.00,1.00,0.00,52.00
783.00,4.00,37379.00,7087.00,3504.00,1.00,0.00,1.00,52.00
784.00,4.00,43687.00,8760.00,4232.00,1.00,1.00,0.00,52.00
785.00,3.00,48244.00,9932.00,5355.00,0.00,1.00,1.00,52.00
786.00,3.00,38530.00,8682.00,3932.00,0.00,0.00,0.00,53.00
787.00,4.00,40913.00,8282.00,4533.00,1.00,0.00,0.00,53.00
788.00,3.00,46498.00,8909.00,4958.00,0.00,0.00,0.00,53.00
789.00,5.00,36599.00,8159.00,3749.00,1.00,1.00,0.00,53.00
790.00,3.00,34993.00,7002.00,3726.00,0.00,1.00,1.00,53.00
791.00,1.00,36015.00,8118.00,3946.00,1.00,1.00,0.00,53.00
792.00,1.00,50531.00,8924.00,4579.00,1.00,0.00,0.00,53.00
793.00,2.00,41268.00,7602.00,3550.00,1.00,0.00,0.00,53.00
794.00,4.00,38627.00,8154.00,4098.00,1.00,1.00,0.00,53.00
795.00,2.00,47974.00,9769.00,4754.00,1.00,1.00,0.00,53.00
796.00,1.00,55118.00,10424.00,6990.00,1.00,0.00,0.00,54.00
797.00,2.00,42236.00,7495.00,4362.00,1.00,0.00,0.00,54.00
798.00,2.00,31615.00,6142.00,3066.00,1.00,1.00,0.00,54.00
799.00,4.00,48708.00,9506.00,5930.00,1.00,0.00,0.00,54.00
800.00,1.00,44482.00,8048.00,5015.00,1.00,1.00,0.00,54.00
801.00,4.00,43007.00,8891.00,4786.00,1.00,0.00,0.00,54.00
802.00,1.00,35702.00,7305.00,3712.00,0.00,0.00,0.00,54.00
803.00,2.00,30518.00,5534.00,3723.00,1.00,1.00,0.00,54.00
804.00,4.00,51606.00,10328.00,5368.00,1.00,0.00,0.00,54.00
805.00,6.00,30357.00,7298.00,2772.00,1.00,0.00,0.00,54.00
806.00,3.00,37882.00,9092.00,3921.00,0.00,0.00,0.00,54.00
807.00,1.00,39246.00,7322.00,4053.00,0.00,1.00,1.00,54.00
808.00,5.00,37825.00,7854.00,4119.00,0.00,0.00,0.00,54.00
809.00,2.00,36438.00,7515.00,3161.00,0.00,1.00,0.00,54.00
810.00,4.00,46634.00,9580.00,4618.00,0.00,0.00,0.00,54.00
811.00,4.00,34008.00,6408.00,3376.00,0.00,1.00,0.00,55.00
812.00,2.00,34084.00,6352.00,4633.00,0.00,1.00,0.00,55.00
813.00,2.00,42935.00,8482.00,4053.00,1.00,1.00,1.00,55.00
814.00,3.00,37173.00,8033.00,3315.00,0.00,0.00,0.00,55.00
815.00,4.00,35697.00,6668.00,3075.00,1.00,1.00,0.00,55.00
816.00,1.00,34784.00,7441.00,4278.00,1.00,1.00,0.00,55.00
817.00,2.00,51969.00,11795.00,5613.00,1.00,0.00,1.00,55.00
818.00,4.00,39139.00,7600.00,4096.00,1.00,0.00,0.00,55.00
819.00,3.00,31449.00,7343.00,3061.00,1.00,0.00,0.00,55.00
820.00,4.00,40173.00,7221.00,3828.00,0.00,0.00,0.00,55.00
821.00,2.00,38415.00,7681.00,3398.00,1.00,1.00,0.00,55.00
822.00,4.00,35164.00,7693.00,3978.00,0.00,1.00,0.00,55.00
823.00,4.00,44188.00,8950.00,3389.00,0.00,0.00,0.00,55.00
824.00,2.00,41769.00,9045.00,4498.00,1.00,0.00,0.00,55.00
825.00,4.00,49818.00,9358.00,4440.00,0.00,1.00,0.00,55.00
826.00,4.00,36162.00,6995.00,3567.00,1.00,0.00,1.00,55.00
827.00,2.00,45772.00,10097.00,5045.00,0.00,0.00,0.00,55.00
828.00,3.00,37430.00,7255.00,3504.00,0.00,1.00,0.00,55.00
829.00,1.00,39201.00,7973.00,3059.00,0.00,1.00,0.00,55.00
830.00,4.00,46327.00,10344.00,5212.00,1.00,1.00,0.00,55.00
831.00,3.00,34943.00,6970.00,3811.00,1.00,0.00,0.00,56.00
832.00,2.00,39794.00,8342.00,4865.00,1.00,0.00,0.00,56.00
833.00,5.00,43818.00,8793.00,3418.00,0.00,0.00,0.00,56.00
834.00,3.00,40031.00,8009.00,4562.00,1.00,1.00,0.00,56.00
835.00,5.00,33901.00,6764.00,3244.00,1.00,1.00,0.00,56.00
836.00,3.00,35299.00,6474.00,2873.00,1.00,1.00,1.00,56.00
837.00,3.00,46006.00,8357.00,4465.00,1.00,0.00,0.00,56.00
838.00,1.00,45692.00,9492.00,4325.00,1.00,0.00,0.00,56.00
839.00,6.00,44650.00,8946.00,3842.00,1.00,0.00,0.00,56.00
840.00,2.00,35924.00,7209.00,4047.00,1.00,0.00,0.00,56.00
841.00,3.00,33720.00,7209.00,2379.00,0.00,1.00,0.00,57.00
842.00,2.00,30904.00,6062.00,2796.00,1.00,0.00,0.00,57.00
843.00,2.00,48324.00,9922.00,3920.00,1.00,0.00,0.00,57.00
844.00,4.00,31544.00,7083.00,3111.00,0.00,0.00,1.00,57.00
845.00,5.00,41145.00,8392.00,3713.00,1.00,1.00,0.00,57.00
846.00,1.00,42550.00,9749.00,5066.00,1.00,1.00,0.00,57.00
847.00,2.00,35553.00,7823.00,3814.00,0.00,1.00,0.00,57.00
848.00,1.00,36046.00,7713.00,4102.00,1.00,1.00,0.00,57.00
849.00,3.00,36386.00,7264.00,4415.00,1.00,1.00,0.00,57.00
850.00,2.00,48489.00,8645.00,5060.00,0.00,0.00,0.00,57.00
851.00,5.00,37600.00,7080.00,4239.00,0.00,0.00,0.00,57.00
852.00,2.00,38899.00,7847.00,4130.00,0.00,1.00,0.00,57.00
853.00,2.00,45043.00,9826.00,4612.00,1.00,0.00,0.00,57.00
854.00,3.00,38727.00,8563.00,2973.00,0.00,0.00,1.00,57.00
855.00,5.00,43274.00,9989.00,4713.00,0.00,1.00,0.00,57.00
856.00,3.00,38186.00,7955.00,4529.00,0.00,1.00,0.00,58.00
857.00,2.00,42718.00,8827.00,4529.00,1.00,0.00,0.00,58.00
858.00,2.00,40697.00,8398.00,4314.00,0.00,0.00,0.00,58.00
859.00,4.00,40622.00,9080.00,4425.00,1.00,0.00,0.00,58.00
860.00,4.00,33478.00,6613.00,3611.00,0.00,0.00,1.00,58.00
861.00,1.00,39737.00,6907.00,3825.00,0.00,0.00,0.00,58.00
862.00,2.00,43437.00,9508.00,4420.00,1.00,0.00,0.00,58.00
863.00,4.00,38354.00,7511.00,3591.00,0.00,1.00,0.00,58.00
864.00,1.00,49885.00,8754.00,5797.00,1.00,0.00,0.00,58.00
865.00,1.00,45532.00,9469.00,5790.00,1.00,0.00,1.00,58.00
866.00,3.00,40162.00,7957.00,4300.00,0.00,0.00,1.00,58.00
867.00,3.00,47216.00,8585.00,5253.00,1.00,1.00,0.00,58.00
868.00,2.00,42509.00,8383.00,3930.00,1.00,0.00,0.00,58.00
869.00,3.00,41892.00,7283.00,3681.00,0.00,1.00,0.00,58.00
870.00,5.00,36832.00,8820.00,3522.00,1.00,0.00,0.00,58.00
871.00,1.00,41639.00,9077.00,3814.00,1.00,0.00,0.00,58.00
872.00,1.00,40169.00,7759.00,4341.00,1.00,0.00,0.00,58.00
873.00,2.00,47814.00,10428.00,4246.00,1.00,0.00,0.00,58.00
874.00,3.00,30999.00,6688.00,3300.00,0.00,1.00,0.00,58.00
875.00,1.00,41095.00,8204.00,3412.00,1.00,1.00,0.00,58.00
876.00,5.00,42802.00,7833.00,4807.00,0.00,0.00,0.00,59.00
877.00,2.00,43735.00,9732.00,5710.00,0.00,1.00,0.00,59.00
878.00,5.00,41540.00,8734.00,4447.00,1.00,0.00,0.00,59.00
879.00,3.00,42386.00,9822.00,3967.00,1.00,0.00,1.00,59.00
880.00,2.00,38405.00,7638.00,4526.00,0.00,0.00,0.00,59.00
881.00,1.00,41654.00,8503.00,3334.00,0.00,0.00,0.00,59.00
882.00,3.00,40421.00,7619.00,4317.00,1.00,1.00,0.00,59.00
883.00,3.00,39218.00,7562.00,2840.00,0.00,0.00,0.00,59.00
884.00,1.00,31331.00,6130.00,3546.00,0.00,1.00,0.00,59.00
885.00,3.00,36005.00,7614.00,4257.00,1.00,0.00,0.00,59.00
886.00,2.00,42314.00,8123.00,3592.00,1.00,1.00,1.00,60.00
887.00,5.00,39338.00,8052.00,4626.00,1.00,1.00,0.00,60.00
888.00,4.00,37807.00,8236.00,4587.00,1.00,1.00,0.00,60.00
889.00,2.00,44295.00,8864.00,4752.00,1.00,1.00,1.00,60.00
890.00,3.00,37261.00,6633.00,3629.00,1.00,1.00,0.00,60.00
891.00,3.00,40146.00,8270.00,3657.00,1.00,0.00,0.00,60.00
892.00,2.00,45338.00,9552.00,3709.00,1.00,1.00,0.00,60.00
893.00,5.00,40740.00,8350.00,3603.00,1.00,1.00,0.00,60.00
894.00,4.00,32042.00,7141.00,2593.00,0.00,0.00,0.00,60.00
895.00,2.00,41521.00,8897.00,4769.00,1.00,1.00,0.00,60.00
896.00,1.00,46890.00,9266.00,5402.00,1.00,0.00,0.00,60.00
897.00,4.00,37570.00,7630.00,4152.00,0.00,0.00,1.00,60.00
898.00,2.00,38659.00,7022.00,4407.00,1.00,0.00,1.00,60.00
899.00,4.00,43030.00,8885.00,4725.00,1.00,0.00,0.00,60.00
900.00,1.00,45791.00,10396.00,5655.00,1.00,0.00,0.00,60.00
901.00,1.00,38700.00,7661.00,4157.00,0.00,0.00,0.00,61.00
902.00,3.00,38396.00,6367.00,4251.00,1.00,0.00,0.00,61.00
903.00,5.00,38117.00,8061.00,4032.00,0.00,1.00,0.00,61.00
904.00,5.00,32947.00,7216.00,3404.00,1.00,0.00,0.00,61.00
905.00,4.00,33032.00,7094.00,4053.00,0.00,0.00,0.00,61.00
906.00,1.00,34237.00,7510.00,2788.00,1.00,1.00,0.00,61.00
907.00,3.00,37902.00,7737.00,3526.00,0.00,0.00,1.00,61.00
908.00,2.00,31116.00,6622.00,3753.00,0.00,1.00,0.00,61.00
909.00,1.00,38288.00,7691.00,3544.00,1.00,0.00,0.00,61.00
910.00,4.00,37997.00,7797.00,3484.00,1.00,0.00,0.00,61.00
911.00,2.00,40671.00,8248.00,3953.00,1.00,0.00,0.00,61.00
912.00,5.00,36064.00,7535.00,2211.00,1.00,0.00,0.00,61.00
913.00,1.00,36073.00,7150.00,4350.00,1.00,1.00,0.00,61.00
914.00,4.00,44907.00,9892.00,4157.00,1.00,0.00,0.00,61.00
915.00,6.00,36133.00,7090.00,3369.00,1.00,0.00,1.00,61.00
916.00,1.00,34791.00,7730.00,3736.00,1.00,1.00,0.00,61.00
917.00,3.00,45716.00,9320.00,3787.00,0.00,1.00,0.00,61.00
918.00,3.00,39546.00,8143.00,3431.00,1.00,1.00,0.00,61.00
919.00,1.00,44595.00,8973.00,4717.00,1.00,0.00,0.00,61.00
920.00,2.00,36082.00,8372.00,3658.00,1.00,0.00,0.00,61.00
921.00,1.00,44690.00,9138.00,4871.00,1.00,0.00,0.00,62.00
922.00,5.00,34927.00,7749.00,3879.00,0.00,1.00,0.00,62.00
923.00,1.00,39979.00,7638.00,4904.00,1.00,0.00,0.00,62.00
924.00,2.00,33160.00,6231.00,3839.00,1.00,1.00,0.00,62.00
925.00,2.00,39798.00,8285.00,4470.00,0.00,1.00,0.00,62.00
926.00,4.00,37896.00,7864.00,3518.00,1.00,0.00,0.00,62.00
927.00,2.00,44111.00,8985.00,3407.00,0.00,0.00,1.00,62.00
928.00,2.00,36449.00,6897.00,3145.00,1.00,0.00,0.00,62.00
929.00,5.00,42601.00,7943.00,5293.00,1.00,0.00,0.00,62.00
930.00,4.00,34481.00,6196.00,3862.00,1.00,1.00,0.00,62.00
931.00,4.00,44461.00,8796.00,4457.00,1.00,1.00,0.00,63.00
932.00,3.00,37363.00,8509.00,3792.00,1.00,0.00,0.00,63.00
933.00,2.00,43773.00,8173.00,4961.00,1.00,0.00,0.00,63.00
934.00,3.00,38613.00,7566.00,4604.00,1.00,1.00,0.00,63.00
935.00,1.00,42529.00,8976.00,4418.00,1.00,1.00,0.00,63.00
936.00,2.00,44076.00,9475.00,5383.00,0.00,0.00,0.00,63.00
937.00,3.00,51069.00,11280.00,4939.00,0.00,1.00,0.00,63.00
938.00,1.00,42670.00,7875.00,4074.00,1.00,1.00,0.00,63.00
939.00,5.00,35069.00,7382.00,3981.00,0.00,0.00,0.00,63.00
940.00,3.00,40190.00,8952.00,4309.00,0.00,1.00,0.00,63.00
941.00,4.00,35595.00,6910.00,3884.00,1.00,0.00,1.00,63.00
942.00,4.00,43272.00,9507.00,5328.00,0.00,1.00,1.00,63.00
943.00,4.00,40324.00,8235.00,3207.00,1.00,0.00,0.00,63.00
944.00,2.00,37267.00,8179.00,3742.00,0.00,1.00,0.00,63.00
945.00,3.00,36060.00,6745.00,4249.00,0.00,0.00,0.00,63.00
946.00,5.00,40764.00,6833.00,3846.00,0.00,0.00,0.00,64.00
947.00,3.00,31474.00,6673.00,3315.00,1.00,0.00,1.00,64.00
948.00,1.00,42129.00,8588.00,3539.00,1.00,1.00,1.00,64.00
949.00,3.00,40712.00,8732.00,3776.00,0.00,0.00,0.00,64.00
950.00,1.00,45535.00,9024.00,4902.00,0.00,1.00,0.00,64.00
951.00,3.00,42720.00,8768.00,4057.00,1.00,0.00,0.00,64.00
952.00,1.00,34539.00,6725.00,2551.00,1.00,1.00,0.00,64.00
953.00,4.00,43668.00,9102.00,4222.00,1.00,0.00,0.00,64.00
954.00,2.00,38623.00,7590.00,2819.00,0.00,0.00,1.00,64.00
955.00,2.00,46482.00,7796.00,4674.00,1.00,1.00,0.00,64.00
956.00,2.00,37080.00,8142.00,3819.00,1.00,1.00,0.00,64.00
957.00,4.00,46564.00,9713.00,4829.00,1.00,0.00,1.00,64.00
958.00,3.00,39261.00,7762.00,3655.00,0.00,1.00,0.00,64.00
959.00,2.00,47052.00,9350.00,5737.00,1.00,0.00,0.00,64.00
960.00,2.00,43200.00,9141.00,4379.00,1.00,0.00,0.00,64.00
961.00,1.00,42036.00,9228.00,4461.00,1.00,0.00,0.00,64.00
962.00,2.00,35688.00,7073.00,3819.00,0.00,0.00,0.00,64.00
963.00,2.00,39879.00,8065.00,4152.00,1.00,0.00,0.00,64.00
964.00,4.00,33484.00,6011.00,4241.00,0.00,0.00,0.00,64.00
965.00,3.00,41473.00,7477.00,3459.00,0.00,0.00,0.00,64.00
966.00,2.00,36833.00,7024.00,4252.00,1.00,0.00,0.00,65.00
967.00,3.00,39537.00,8489.00,3289.00,1.00,0.00,0.00,65.00
968.00,4.00,41608.00,8675.00,4620.00,1.00,0.00,0.00,65.00
969.00,1.00,34287.00,7328.00,3425.00,0.00,0.00,0.00,65.00
970.00,5.00,31273.00,5908.00,3783.00,0.00,0.00,0.00,65.00
971.00,2.00,39284.00,7467.00,4507.00,1.00,0.00,0.00,65.00
972.00,4.00,40956.00,9253.00,3646.00,0.00,1.00,0.00,65.00
973.00,1.00,40177.00,8797.00,5051.00,1.00,1.00,0.00,65.00
974.00,1.00,44257.00,9921.00,5451.00,1.00,0.00,0.00,65.00
975.00,4.00,44707.00,9239.00,3773.00,0.00,0.00,0.00,65.00
976.00,3.00,35410.00,7586.00,3594.00,1.00,0.00,1.00,66.00
977.00,3.00,35950.00,6733.00,4437.00,1.00,1.00,0.00,66.00
978.00,3.00,41238.00,9413.00,3687.00,0.00,0.00,0.00,66.00
979.00,1.00,38627.00,8182.00,3162.00,1.00,0.00,0.00,66.00
980.00,3.00,50229.00,10545.00,6184.00,0.00,1.00,0.00,66.00
981.00,3.00,41567.00,7536.00,3520.00,1.00,0.00,0.00,66.00
982.00,2.00,36341.00,7224.00,4405.00,1.00,0.00,0.00,66.00
983.00,1.00,44476.00,9542.00,5776.00,0.00,1.00,0.00,66.00
984.00,6.00,43970.00,9133.00,5345.00,1.00,1.00,0.00,66.00
985.00,4.00,40127.00,8002.00,4247.00,0.00,1.00,0.00,66.00
986.00,4.00,34215.00,7755.00,2116.00,1.00,0.00,0.00,66.00
987.00,2.00,35298.00,8130.00,4052.00,1.00,1.00,0.00,66.00
988.00,3.00,42374.00,8125.00,4279.00,0.00,0.00,0.00,66.00
989.00,2.00,41458.00,8241.00,4000.00,1.00,0.00,0.00,66.00
990.00,1.00,43695.00,8493.00,5030.00,0.00,1.00,0.00,66.00
991.00,2.00,40605.00,8092.00,3680.00,0.00,0.00,0.00,67.00
992.00,1.00,40173.00,9581.00,4727.00,0.00,1.00,0.00,67.00
993.00,5.00,39011.00,8030.00,3131.00,1.00,0.00,0.00,67.00
994.00,3.00,41724.00,8410.00,4219.00,0.00,0.00,0.00,67.00
995.00,3.00,38231.00,7089.00,2960.00,1.00,0.00,0.00,67.00
996.00,2.00,41731.00,8494.00,3783.00,1.00,0.00,0.00,67.00
997.00,3.00,39741.00,8535.00,5030.00,1.00,0.00,0.00,67.00
998.00,1.00,50964.00,10135.00,5288.00,1.00,1.00,1.00,67.00
999.00,2.00,38742.00,7447.00,3798.00,1.00,0.00,1.00,67.00
1000.00,2.00,35071.00,7379.00,3720.00,1.00,0.00,0.00,67.00
1001.00,2.00,37583.00,7541.00,3538.00,1.00,0.00,0.00,67.00
1002.00,3.00,46924.00,8774.00,5179.00,0.00,1.00,0.00,67.00
1003.00,2.00,30615.00,6748.00,3450.00,0.00,1.00,1.00,67.00
1004.00,3.00,38928.00,8156.00,4450.00,1.00,1.00,0.00,67.00
1005.00,4.00,46794.00,10192.00,5981.00,0.00,1.00,0.00,67.00
1006.00,3.00,37056.00,7916.00,3181.00,0.00,1.00,0.00,67.00
1007.00,3.00,31688.00,5763.00,2655.00,0.00,0.00,0.00,67.00
1008.00,3.00,36181.00,7014.00,4530.00,1.00,1.00,0.00,67.00
1009.00,1.00,44991.00,7782.00,4121.00,0.00,0.00,0.00,67.00
1010.00,3.00,45305.00,8298.00,4948.00,0.00,1.00,0.00,67.00
1011.00,1.00,45265.00,10159.00,3924.00,1.00,0.00,0.00,68.00
1012.00,3.00,36671.00,6518.00,3023.00,0.00,1.00,0.00,68.00
1013.00,3.00,44347.00,9761.00,5551.00,0.00,0.00,0.00,68.00
1014.00,3.00,30547.00,5929.00,2997.00,1.00,0.00,0.00,68.00
1015.00,2.00,37950.00,7845.00,3065.00,1.00,0.00,1.00,68.00
1016.00,3.00,31604.00,6306.00,2450.00,0.00,1.00,0.00,68.00
1017.00,2.00,38557.00,8023.00,4333.00,0.00,0.00,0.00,68.00
1018.00,2.00,44340.00,8969.00,4922.00,0.00,1.00,0.00,68.00
1019.00,2.00,37932.00,7951.00,4909.00,1.00,0.00,1.00,68.00
1020.00,2.00,45076.00,7924.00,4690.00,1.00,1.00,0.00,68.00
1021.00,3.00,40863.00,8070.00,3768.00,0.00,0.00,0.00,69.00
1022.00,3.00,43008.00,9361.00,4367.00,1.00,1.00,0.00,69.00
1023.00,2.00,35170.00,7868.00,3184.00,1.00,0.00,0.00,69.00
1024.00,2.00,38825.00,7214.00,3294.00,1.00,0.00,1.00,69.00
1025.00,1.00,46947.00,10649.00,3818.00,0.00,0.00,0.00,69.00
1026.00,1.00,32789.00,6491.00,3390.00,0.00,0.00,0.00,69.00
1027.00,2.00,45665.00,8678.00,4739.00,0.00,1.00,0.00,69.00
1028.00,2.00,41138.00,8659.00,4746.00,1.00,0.00,0.00,69.00
1029.00,1.00,37364.00,6480.00,3286.00,1.00,1.00,0.00,69.00
1030.00,4.00,46492.00,10173.00,4190.00,0.00,1.00,0.00,69.00
1031.00,4.00,41986.00,8388.00,3420.00,0.00,0.00,0.00,69.00
1032.00,3.00,40862.00,8507.00,4106.00,1.00,1.00,0.00,69.00
1033.00,6.00,44227.00,9623.00,3987.00,1.00,0.00,0.00,69.00
1034.00,4.00,35091.00,6582.00,3724.00,1.00,1.00,0.00,69.00
1035.00,2.00,37274.00,8266.00,3707.00,1.00,0.00,0.00,69.00
1036.00,1.00,37443.00,7977.00,4052.00,1.00,0.00,0.00,70.00
1037.00,3.00,31811.00,7338.00,2174.00,0.00,0.00,0.00,70.00
1038.00,3.00,37698.00,7200.00,4089.00,0.00,1.00,0.00,70.00
1039.00,5.00,34870.00,7365.00,3129.00,0.00,0.00,0.00,70.00
1040.00,1.00,47945.00,9084.00,4431.00,1.00,1.00,0.00,70.00
1041.00,2.00,40766.00,8718.00,4316.00,0.00,1.00,0.00,70.00
1042.00,1.00,33357.00,6715.00,3342.00,1.00,0.00,0.00,70.00
1043.00,5.00,35789.00,7779.00,2541.00,0.00,0.00,0.00,70.00
1044.00,3.00,46974.00,10197.00,5301.00,0.00,0.00,0.00,70.00
1045.00,2.00,35639.00,8023.00,3259.00,1.00,1.00,0.00,70.00
1046.00,2.00,33085.00,7613.00,3814.00,1.00,1.00,0.00,70.00
1047.00,5.00,41211.00,8904.00,4709.00,1.00,0.00,0.00,70.00
1048.00,5.00,45449.00,9731.00,2964.00,1.00,0.00,0.00,70.00
1049.00,3.00,55379.00,11575.00,5700.00,0.00,0.00,0.00,70.00
1050.00,4.00,30612.00,5434.00,3386.00,1.00,1.00,0.00,70.00
1051.00,3.00,37172.00,7960.00,4071.00,1.00,1.00,0.00,70.00
1052.00,2.00,34166.00,6724.00,3722.00,1.00,0.00,0.00,70.00
1053.00,4.00,46520.00,9253.00,4944.00,1.00,1.00,0.00,70.00
1054.00,1.00,40243.00,8292.00,3638.00,1.00,0.00,0.00,70.00
1055.00,6.00,38657.00,8005.00,4654.00,1.00,1.00,0.00,70.00
1056.00,5.00,43071.00,9423.00,3043.00,1.00,0.00,0.00,71.00
1057.00,3.00,43727.00,9261.00,4759.00,1.00,1.00,1.00,71.00
1058.00,3.00,40289.00,7983.00,3949.00,0.00,1.00,0.00,71.00
1059.00,6.00,50273.00,8675.00,5190.00,0.00,0.00,0.00,71.00
1060.00,3.00,42209.00,8888.00,3836.00,1.00,0.00,0.00,71.00
1061.00,2.00,47392.00,9824.00,4299.00,1.00,1.00,0.00,71.00
1062.00,4.00,35507.00,7803.00,3054.00,1.00,0.00,0.00,71.00
1063.00,3.00,45693.00,9233.00,4896.00,0.00,0.00,0.00,71.00
1064.00,2.00,40258.00,8134.00,3512.00,1.00,1.00,0.00,71.00
1065.00,2.00,37969.00,7737.00,3946.00,0.00,0.00,0.00,71.00
1066.00,2.00,46969.00,9706.00,5125.00,1.00,0.00,0.00,72.00
1067.00,1.00,53049.00,9230.00,4863.00,0.00,1.00,0.00,72.00
1068.00,2.00,46606.00,8354.00,5659.00,0.00,1.00,0.00,72.00
1069.00,4.00,41734.00,8715.00,4288.00,0.00,0.00,0.00,72.00
1070.00,3.00,47826.00,9482.00,4839.00,0.00,0.00,0.00,72.00
1071.00,3.00,48484.00,8560.00,5017.00,0.00,0.00,0.00,72.00
1072.00,2.00,39415.00,7763.00,3020.00,1.00,1.00,0.00,72.00
1073.00,2.00,46539.00,9548.00,4677.00,0.00,0.00,1.00,72.00
1074.00,6.00,45221.00,9332.00,3047.00,1.00,0.00,0.00,72.00
1075.00,1.00,39597.00,8647.00,4266.00,1.00,1.00,0.00,72.00
1076.00,1.00,36407.00,6965.00,3150.00,1.00,0.00,0.00,72.00
1077.00,3.00,43592.00,9821.00,4974.00,0.00,0.00,0.00,72.00
1078.00,4.00,38494.00,7463.00,3776.00,0.00,0.00,1.00,72.00
1079.00,1.00,42697.00,8570.00,2897.00,1.00,1.00,1.00,72.00
1080.00,1.00,34563.00,6588.00,3543.00,1.00,0.00,0.00,72.00
1081.00,3.00,45132.00,10377.00,4137.00,1.00,0.00,0.00,73.00
1082.00,4.00,44129.00,9320.00,4582.00,1.00,0.00,0.00,73.00
1083.00,3.00,31532.00,6040.00,3328.00,1.00,1.00,0.00,73.00
1084.00,3.00,35065.00,6578.00,3193.00,1.00,0.00,0.00,73.00
1085.00,2.00,44176.00,8902.00,4369.00,0.00,0.00,0.00,73.00
1086.00,1.00,43698.00,8687.00,4287.00,1.00,1.00,0.00,73.00
1087.00,2.00,32699.00,6652.00,3468.00,0.00,0.00,0.00,73.00
1088.00,1.00,42001.00,8172.00,4059.00,1.00,1.00,0.00,73.00
1089.00,3.00,35559.00,7864.00,3681.00,1.00,0.00,0.00,73.00
1090.00,3.00,36026.00,7053.00,3895.00,1.00,0.00,0.00,73.00
1091.00,4.00,41061.00,8657.00,3601.00,1.00,0.00,0.00,73.00
1092.00,3.00,43033.00,8859.00,4796.00,0.00,0.00,0.00,73.00
1093.00,1.00,34387.00,6612.00,3929.00,0.00,0.00,0.00,73.00
1094.00,3.00,49053.00,10022.00,4596.00,0.00,1.00,0.00,73.00
1095.00,4.00,37215.00,7485.00,3702.00,1.00,0.00,0.00,73.00
1096.00,3.00,34306.00,5750.00,3925.00,1.00,0.00,0.00,73.00
1097.00,3.00,32824.00,6602.00,3475.00,1.00,0.00,0.00,73.00
1098.00,3.00,39835.00,8504.00,3248.00,1.00,0.00,1.00,73.00
1099.00,2.00,39875.00,7573.00,3817.00,1.00,0.00,0.00,73.00
1100.00,5.00,43909.00,8753.00,4115.00,1.00,1.00,0.00,73.00
1101.00,2.00,43395.00,8370.00,4764.00,1.00,0.00,0.00,74.00
1102.00,3.00,40430.00,7606.00,4429.00,1.00,1.00,0.00,74.00
1103.00,5.00,37433.00,6628.00,3772.00,1.00,0.00,0.00,74.00
1104.00,4.00,40138.00,8232.00,5409.00,1.00,0.00,0.00,74.00
1105.00,1.00,39720.00,7087.00,3612.00,0.00,0.00,0.00,74.00
1106.00,2.00,38141.00,7554.00,3883.00,1.00,0.00,0.00,74.00
1107.00,3.00,36122.00,6796.00,3806.00,1.00,0.00,0.00,74.00
1108.00,3.00,47643.00,8897.00,4702.00,1.00,0.00,0.00,74.00
1109.00,4.00,33216.00,7002.00,4178.00,1.00,1.00,0.00,74.00
1110.00,2.00,40960.00,7854.00,3870.00,1.00,0.00,0.00,74.00
1111.00,5.00,36998.00,6600.00,3844.00,1.00,1.00,0.00,75.00
1112.00,3.00,31159.00,5392.00,2893.00,0.00,0.00,0.00,75.00
1113.00,1.00,35906.00,7306.00,4173.00,1.00,0.00,0.00,75.00
1114.00,1.00,37326.00,7365.00,3752.00,1.00,1.00,0.00,75.00
1115.00,3.00,43255.00,8653.00,3327.00,1.00,0.00,0.00,75.00
1116.00,5.00,34654.00,6138.00,3850.00,1.00,0.00,0.00,75.00
1117.00,3.00,34029.00,7685.00,4520.00,1.00,0.00,0.00,75.00
1118.00,5.00,48640.00,10286.00,4302.00,1.00,0.00,0.00,75.00
1119.00,4.00,35055.00,6960.00,3199.00,1.00,0.00,0.00,75.00
1120.00,1.00,36818.00,8380.00,3366.00,0.00,0.00,0.00,75.00
1121.00,1.00,37146.00,8045.00,4161.00,0.00,0.00,1.00,75.00
1122.00,3.00,37969.00,7958.00,4397.00,1.00,0.00,0.00,75.00
1123.00,4.00,39067.00,8990.00,4058.00,1.00,0.00,0.00,75.00
1124.00,3.00,43844.00,10450.00,4116.00,1.00,0.00,0.00,75.00
1125.00,2.00,37409.00,6204.00,2827.00,1.00,0.00,0.00,75.00
1126.00,5.00,48380.00,8974.00,4229.00,0.00,1.00,1.00,76.00
1127.00,4.00,44907.00,8840.00,3407.00,1.00,0.00,0.00,76.00
1128.00,1.00,35422.00,7170.00,3247.00,1.00,0.00,0.00,76.00
1129.00,1.00,33706.00,6576.00,4122.00,1.00,1.00,0.00,76.00
1130.00,2.00,34339.00,7152.00,3217.00,1.00,0.00,0.00,76.00
1131.00,2.00,45648.00,8791.00,4733.00,0.00,1.00,0.00,76.00
1132.00,4.00,39904.00,8983.00,4514.00,1.00,0.00,1.00,76.00
1133.00,5.00,40350.00,8528.00,3442.00,1.00,0.00,0.00,76.00
1134.00,4.00,39616.00,7585.00,3743.00,1.00,0.00,0.00,76.00
1135.00,1.00,39609.00,8756.00,4898.00,0.00,1.00,0.00,76.00
1136.00,2.00,34558.00,7357.00,3714.00,0.00,0.00,1.00,76.00
1137.00,3.00,35006.00,8208.00,3475.00,1.00,1.00,0.00,76.00
1138.00,2.00,45131.00,10281.00,4450.00,1.00,1.00,1.00,76.00
1139.00,2.00,35596.00,8306.00,2909.00,1.00,0.00,0.00,76.00
1140.00,4.00,36864.00,7246.00,3390.00,0.00,1.00,0.00,76.00
1141.00,2.00,35545.00,7406.00,3432.00,1.00,0.00,0.00,76.00
1142.00,1.00,40178.00,8592.00,3998.00,0.00,0.00,0.00,76.00
1143.00,2.00,38794.00,6876.00,3673.00,1.00,1.00,0.00,76.00
1144.00,3.00,37777.00,7973.00,4482.00,0.00,0.00,0.00,76.00
1145.00,2.00,45513.00,7953.00,4168.00,1.00,1.00,0.00,76.00
1146.00,1.00,30465.00,6334.00,3271.00,1.00,1.00,0.00,77.00
1147.00,4.00,44480.00,8243.00,5096.00,0.00,0.00,0.00,77.00
1148.00,4.00,47904.00,9131.00,5174.00,1.00,1.00,0.00,77.00
1149.00,3.00,37901.00,7274.00,3680.00,0.00,1.00,0.00,77.00
1150.00,1.00,36410.00,7974.00,3921.00,1.00,1.00,0.00,77.00
1151.00,4.00,46768.00,9353.00,3647.00,1.00,0.00,0.00,77.00
1152.00,3.00,32525.00,6557.00,3507.00,1.00,0.00,0.00,77.00
1153.00,3.00,47208.00,8490.00,4083.00,1.00,0.00,0.00,77.00
1154.00,3.00,42397.00,8399.00,4605.00,0.00,0.00,0.00,77.00
1155.00,4.00,38852.00,8436.00,4373.00,1.00,0.00,0.00,77.00
1156.00,3.00,38243.00,8066.00,4154.00,0.00,0.00,0.00,78.00
1157.00,3.00,34045.00,7550.00,3288.00,0.00,0.00,0.00,78.00
1158.00,3.00,43907.00,9088.00,3439.00,1.00,0.00,0.00,78.00
1159.00,2.00,43422.00,8725.00,5400.00,1.00,1.00,0.00,78.00
1160.00,4.00,30406.00,6724.00,2520.00,1.00,0.00,0.00,78.00
1161.00,3.00,48700.00,8939.00,4829.00,0.00,0.00,1.00,78.00
1162.00,3.00,47368.00,8794.00,5121.00,0.00,0.00,0.00,78.00
1163.00,1.00,36790.00,8155.00,3487.00,1.00,1.00,0.00,78.00
1164.00,2.00,45474.00,9848.00,4938.00,0.00,1.00,0.00,78.00
1165.00,3.00,40582.00,8123.00,4647.00,1.00,1.00,0.00,78.00
1166.00,2.00,39241.00,8346.00,4259.00,1.00,0.00,0.00,78.00
1167.00,3.00,37719.00,7333.00,3260.00,0.00,1.00,0.00,78.00
1168.00,3.00,37602.00,8299.00,3536.00,0.00,1.00,1.00,78.00
1169.00,4.00,48589.00,9255.00,4763.00,0.00,1.00,0.00,78.00
1170.00,2.00,42812.00,8913.00,4515.00,1.00,1.00,0.00,78.00
1171.00,4.00,43776.00,8061.00,4124.00,0.00,0.00,0.00,79.00
1172.00,3.00,42350.00,7891.00,2531.00,1.00,1.00,0.00,79.00
1173.00,1.00,35839.00,7313.00,3735.00,1.00,1.00,0.00,79.00
1174.00,3.00,35029.00,6214.00,3954.00,1.00,0.00,0.00,79.00
1175.00,3.00,36496.00,6578.00,3875.00,1.00,1.00,0.00,79.00
1176.00,4.00,45333.00,9692.00,4795.00,1.00,0.00,0.00,79.00
1177.00,4.00,44264.00,8565.00,3908.00,1.00,1.00,0.00,79.00
1178.00,1.00,39692.00,8730.00,3288.00,0.00,0.00,0.00,79.00
1179.00,3.00,37926.00,8156.00,5104.00,1.00,1.00,1.00,79.00
1180.00,4.00,36938.00,8028.00,3427.00,0.00,0.00,0.00,79.00
1181.00,1.00,40615.00,8159.00,3504.00,1.00,1.00,0.00,79.00
1182.00,5.00,45047.00,8791.00,4586.00,1.00,0.00,0.00,79.00
1183.00,5.00,37670.00,7153.00,4263.00,0.00,0.00,0.00,79.00
1184.00,3.00,41708.00,8921.00,4321.00,0.00,0.00,0.00,79.00
1185.00,2.00,47236.00,10577.00,4388.00,1.00,1.00,0.00,79.00
1186.00,3.00,40796.00,9142.00,3982.00,0.00,0.00,0.00,79.00
1187.00,4.00,36617.00,6916.00,3675.00,0.00,0.00,1.00,79.00
1188.00,3.00,38692.00,7763.00,3867.00,1.00,0.00,0.00,79.00
1189.00,5.00,40716.00,8746.00,5411.00,1.00,0.00,0.00,79.00
1190.00,2.00,36745.00,7184.00,3736.00,1.00,0.00,1.00,79.00
1191.00,2.00,31220.00,6378.00,2996.00,0.00,1.00,0.00,80.00
1192.00,4.00,39039.00,8790.00,3926.00,0.00,0.00,0.00,80.00
1193.00,3.00,41340.00,9202.00,4769.00,1.00,1.00,0.00,80.00
1194.00,2.00,33987.00,6271.00,3116.00,0.00,0.00,0.00,80.00
1195.00,1.00,36215.00,7280.00,3903.00,1.00,1.00,0.00,80.00
1196.00,2.00,38623.00,6654.00,3551.00,1.00,0.00,0.00,80.00
1197.00,2.00,34922.00,7243.00,3670.00,0.00,1.00,0.00,80.00
1198.00,2.00,47278.00,10309.00,5533.00,1.00,1.00,0.00,80.00
1199.00,3.00,37518.00,7967.00,4751.00,0.00,0.00,0.00,80.00
1200.00,2.00,42623.00,9494.00,3752.00,1.00,0.00,0.00,80.00
1201.00,1.00,36068.00,7877.00,2545.00,1.00,0.00,0.00,81.00
1202.00,1.00,43294.00,8067.00,4251.00,0.00,1.00,0.00,81.00
1203.00,3.00,38274.00,7825.00,4428.00,1.00,0.00,0.00,81.00
1204.00,4.00,44565.00,9185.00,4084.00,0.00,0.00,0.00,81.00
1205.00,1.00,37549.00,7633.00,4217.00,1.00,1.00,0.00,81.00
1206.00,3.00,43198.00,8262.00,4529.00,1.00,0.00,0.00,81.00
1207.00,1.00,45225.00,9621.00,4311.00,1.00,0.00,0.00,81.00
1208.00,4.00,40781.00,7488.00,4508.00,0.00,0.00,0.00,81.00
1209.00,4.00,40475.00,6795.00,4903.00,1.00,0.00,0.00,81.00
1210.00,2.00,37974.00,7564.00,4487.00,1.00,0.00,0.00,81.00
1211.00,2.00,42611.00,8332.00,5125.00,0.00,1.00,0.00,81.00
1212.00,5.00,46212.00,8429.00,4445.00,1.00,1.00,0.00,81.00
1213.00,1.00,39957.00,7401.00,3780.00,0.00,0.00,0.00,81.00
1214.00,2.00,34936.00,6449.00,3934.00,1.00,0.00,0.00,81.00
1215.00,2.00,45773.00,9403.00,3695.00,1.00,1.00,0.00,81.00
1216.00,3.00,32502.00,6946.00,3003.00,1.00,0.00,0.00,82.00
1217.00,3.00,40950.00,8281.00,4367.00,1.00,1.00,0.00,82.00
1218.00,2.00,38883.00,8507.00,4772.00,1.00,0.00,1.00,82.00
1219.00,3.00,36644.00,7109.00,3611.00,0.00,0.00,0.00,82.00
1220.00,4.00,34302.00,7381.00,2491.00,0.00,1.00,0.00,82.00
1221.00,3.00,33947.00,6906.00,3175.00,0.00,0.00,1.00,82.00
1222.00,4.00,31302.00,6608.00,2499.00,0.00,1.00,0.00,82.00
1223.00,1.00,38333.00,7226.00,4433.00,1.00,0.00,0.00,82.00
1224.00,3.00,39751.00,8722.00,4476.00,1.00,1.00,0.00,82.00
1225.00,1.00,40241.00,8534.00,4672.00,1.00,1.00,0.00,82.00
1226.00,3.00,36092.00,7310.00,2681.00,1.00,0.00,0.00,82.00
1227.00,2.00,35973.00,8015.00,3806.00,0.00,0.00,0.00,82.00
1228.00,1.00,36041.00,7643.00,3866.00,0.00,0.00,0.00,82.00
1229.00,4.00,46408.00,10806.00,4251.00,0.00,1.00,1.00,82.00
1230.00,4.00,35219.00,7435.00,4877.00,0.00,0.00,0.00,82.00
1231.00,3.00,41022.00,8905.00,3132.00,1.00,0.00,0.00,82.00
1232.00,4.00,46024.00,8777.00,4545.00,1.00,0.00,0.00,82.00
1233.00,4.00,42728.00,8161.00,3827.00,0.00,0.00,0.00,82.00
1234.00,4.00,42754.00,8259.00,3677.00,1.00,1.00,0.00,82.00
1235.00,2.00,36220.00,7015.00,3325.00,1.00,0.00,0.00,82.00
1236.00,2.00,31788.00,5795.00,3465.00,1.00,1.00,0.00,83.00
1237.00,3.00,40216.00,8457.00,3851.00,1.00,1.00,1.00,83.00
1238.00,2.00,37332.00,7227.00,2711.00,1.00,1.00,0.00,83.00
1239.00,4.00,35137.00,8002.00,4478.00,1.00,0.00,1.00,83.00
1240.00,2.00,48181.00,9664.00,4269.00,1.00,0.00,0.00,83.00
1241.00,4.00,39405.00,8491.00,2925.00,1.00,1.00,0.00,83.00
1242.00,4.00,51806.00,11206.00,4232.00,0.00,0.00,0.00,83.00
1243.00,3.00,43526.00,8391.00,3369.00,0.00,0.00,0.00,83.00
1244.00,2.00,40350.00,6856.00,2866.00,1.00,1.00,0.00,83.00
1245.00,2.00,41444.00,8316.00,4938.00,1.00,0.00,0.00,83.00
1246.00,2.00,47640.00,10366.00,5259.00,0.00,0.00,0.00,84.00
1247.00,2.00,31107.00,6463.00,2775.00,1.00,1.00,1.00,84.00
1248.00,2.00,32168.00,7155.00,2607.00,0.00,1.00,0.00,84.00
1249.00,4.00,37834.00,8496.00,3131.00,1.00,0.00,0.00,84.00
1250.00,2.00,41710.00,8597.00,3919.00,0.00,0.00,0.00,84.00
1251.00,1.00,40663.00,8123.00,3487.00,1.00,1.00,0.00,84.00
1252.00,2.00,34430.00,6617.00,3210.00,0.00,1.00,0.00,84.00
1253.00,2.00,40047.00,7873.00,3599.00,1.00,0.00,0.00,84.00
1254.00,5.00,44731.00,9079.00,4807.00,1.00,0.00,0.00,84.00
1255.00,1.00,44967.00,9262.00,4310.00,0.00,0.00,1.00,84.00
1256.00,5.00,45990.00,8875.00,5576.00,1.00,0.00,0.00,84.00
1257.00,3.00,32884.00,5790.00,3065.00,0.00,0.00,0.00,84.00
1258.00,3.00,35170.00,6940.00,3798.00,0.00,0.00,0.00,84.00
1259.00,2.00,35013.00,7018.00,2984.00,1.00,0.00,0.00,84.00
1260.00,4.00,40301.00,7328.00,4310.00,1.00,0.00,0.00,84.00
1261.00,5.00,43408.00,8134.00,4677.00,1.00,0.00,0.00,85.00
1262.00,3.00,35239.00,7269.00,3093.00,1.00,0.00,0.00,85.00
1263.00,2.00,36967.00,6923.00,3977.00,0.00,0.00,1.00,85.00
1264.00,5.00,48066.00,10015.00,5314.00,1.00,0.00,0.00,85.00
1265.00,2.00,42074.00,8029.00,3966.00,1.00,1.00,0.00,85.00
1266.00,5.00,46296.00,9443.00,4422.00,1.00,1.00,1.00,85.00
1267.00,4.00,41465.00,7726.00,3181.00,1.00,1.00,0.00,85.00
1268.00,1.00,45003.00,9727.00,4903.00,1.00,0.00,0.00,85.00
1269.00,3.00,33158.00,6954.00,3779.00,0.00,0.00,0.00,85.00
1270.00,2.00,44192.00,9409.00,4129.00,1.00,1.00,0.00,85.00
1271.00,2.00,31346.00,6777.00,3873.00,1.00,1.00,0.00,85.00
1272.00,1.00,45630.00,8898.00,5495.00,1.00,0.00,0.00,85.00
1273.00,1.00,39111.00,7906.00,3999.00,1.00,1.00,0.00,85.00
1274.00,5.00,32996.00,6857.00,3148.00,1.00,0.00,0.00,85.00
1275.00,2.00,40045.00,8423.00,4212.00,0.00,1.00,0.00,85.00
1276.00,4.00,39039.00,7860.00,3463.00,0.00,1.00,0.00,85.00
1277.00,2.00,38528.00,6477.00,4443.00,1.00,1.00,0.00,85.00
1278.00,2.00,35536.00,6968.00,3076.00,0.00,1.00,0.00,85.00
1279.00,4.00,37812.00,8395.00,3838.00,1.00,0.00,1.00,85.00
1280.00,4.00,32565.00,6584.00,2747.00,0.00,1.00,0.00,85.00
1281.00,3.00,37418.00,8168.00,4462.00,1.00,0.00,0.00,86.00
1282.00,2.00,34191.00,7394.00,3740.00,1.00,0.00,0.00,86.00
1283.00,1.00,42949.00,9131.00,3957.00,1.00,0.00,1.00,86.00
1284.00,3.00,39309.00,8672.00,3575.00,1.00,1.00,0.00,86.00
1285.00,5.00,38453.00,7906.00,4410.00,0.00,1.00,0.00,86.00
1286.00,4.00,45382.00,9851.00,5539.00,0.00,1.00,1.00,86.00
1287.00,2.00,35256.00,6663.00,2270.00,0.00,0.00,0.00,86.00
1288.00,4.00,45452.00,8457.00,4507.00,1.00,1.00,0.00,86.00
1289.00,4.00,32911.00,6489.00,2377.00,1.00,1.00,0.00,86.00
1290.00,1.00,31182.00,5745.00,3712.00,0.00,1.00,0.00,86.00
1291.00,3.00,38876.00,8326.00,4825.00,1.00,0.00,0.00,87.00
1292.00,3.00,38281.00,7708.00,3500.00,1.00,0.00,0.00,87.00
1293.00,1.00,39962.00,7718.00,3869.00,0.00,0.00,0.00,87.00
1294.00,4.00,31499.00,6518.00,2337.00,1.00,1.00,0.00,87.00
1295.00,2.00,41712.00,8560.00,4425.00,1.00,1.00,0.00,87.00
1296.00,1.00,35882.00,7850.00,5203.00,1.00,1.00,0.00,87.00
1297.00,1.00,33021.00,6667.00,2826.00,1.00,0.00,0.00,87.00
1298.00,1.00,40264.00,8248.00,3706.00,1.00,0.00,0.00,87.00
1299.00,4.00,38620.00,7402.00,3872.00,0.00,1.00,0.00,87.00
1300.00,2.00,34427.00,6733.00,4004.00,1.00,1.00,0.00,87.00
1301.00,1.00,37830.00,7884.00,3520.00,0.00,1.00,0.00,87.00
1302.00,2.00,44054.00,9076.00,4496.00,0.00,0.00,0.00,87.00
1303.00,2.00,40562.00,8091.00,4081.00,1.00,1.00,0.00,87.00
1304.00,1.00,39003.00,8247.00,3090.00,0.00,0.00,0.00,87.00
1305.00,3.00,46968.00,9587.00,4590.00,0.00,1.00,0.00,87.00
1306.00,2.00,36598.00,7134.00,2992.00,1.00,1.00,0.00,88.00
1307.00,4.00,41898.00,9071.00,4327.00,0.00,0.00,0.00,88.00
1308.00,1.00,48903.00,10500.00,4662.00,1.00,0.00,0.00,88.00
1309.00,1.00,40476.00,8205.00,4026.00,0.00,1.00,0.00,88.00
1310.00,4.00,37603.00,8165.00,3705.00,1.00,0.00,0.00,88.00
1311.00,1.00,38007.00,8545.00,5132.00,0.00,1.00,0.00,88.00
1312.00,3.00,38333.00,7891.00,4363.00,0.00,0.00,0.00,88.00
1313.00,5.00,37282.00,7210.00,4142.00,1.00,0.00,0.00,88.00
1314.00,3.00,34325.00,6820.00,3114.00,0.00,0.00,0.00,88.00
1315.00,2.00,40441.00,8292.00,3414.00,0.00,1.00,1.00,88.00
1316.00,1.00,43472.00,8521.00,4074.00,1.00,1.00,0.00,88.00
1317.00,1.00,37111.00,8022.00,3305.00,1.00,1.00,0.00,88.00
1318.00,3.00,34339.00,6270.00,3030.00,1.00,0.00,0.00,88.00
1319.00,1.00,41770.00,8266.00,3187.00,1.00,0.00,0.00,88.00
1320.00,3.00,46806.00,9471.00,3826.00,0.00,0.00,0.00,88.00
1321.00,4.00,42578.00,9887.00,4954.00,1.00,0.00,0.00,88.00
1322.00,1.00,47933.00,10159.00,4214.00,0.00,0.00,0.00,88.00
1323.00,3.00,37331.00,7900.00,3437.00,1.00,0.00,0.00,88.00
1324.00,1.00,34692.00,6872.00,2354.00,1.00,0.00,0.00,88.00
1325.00,4.00,46137.00,8554.00,5425.00,1.00,1.00,0.00,88.00
1326.00,4.00,38575.00,6977.00,4594.00,1.00,0.00,0.00,89.00
1327.00,1.00,41059.00,8679.00,4176.00,1.00,1.00,0.00,89.00
1328.00,4.00,39082.00,8324.00,3987.00,1.00,1.00,0.00,89.00
1329.00,3.00,41582.00,9139.00,4565.00,1.00,0.00,0.00,89.00
1330.00,5.00,39876.00,8174.00,4174.00,0.00,0.00,0.00,89.00
1331.00,4.00,37582.00,8153.00,4292.00,0.00,1.00,1.00,89.00
1332.00,3.00,41549.00,7913.00,4296.00,0.00,1.00,0.00,89.00
1333.00,5.00,40998.00,8903.00,3336.00,0.00,1.00,1.00,89.00
1334.00,2.00,39242.00,8262.00,3814.00,0.00,1.00,0.00,89.00
1335.00,2.00,42757.00,7712.00,4208.00,1.00,0.00,0.00,89.00
1336.00,3.00,42814.00,9717.00,6178.00,0.00,0.00,0.00,90.00
1337.00,4.00,34994.00,7101.00,3827.00,1.00,0.00,0.00,90.00
1338.00,3.00,42877.00,8559.00,4539.00,1.00,0.00,0.00,90.00
1339.00,2.00,30898.00,6550.00,3184.00,1.00,0.00,0.00,90.00
1340.00,5.00,43694.00,9139.00,4268.00,1.00,0.00,1.00,90.00
1341.00,2.00,46258.00,8861.00,4974.00,1.00,1.00,0.00,90.00
1342.00,2.00,38594.00,7812.00,4725.00,1.00,1.00,0.00,90.00
1343.00,3.00,36629.00,7710.00,3583.00,0.00,1.00,0.00,90.00
1344.00,2.00,42020.00,7927.00,4953.00,1.00,1.00,0.00,90.00
1345.00,3.00,34655.00,6678.00,3488.00,0.00,0.00,0.00,90.00
1346.00,4.00,38544.00,6895.00,3786.00,0.00,1.00,0.00,90.00
1347.00,3.00,44690.00,9005.00,4101.00,1.00,1.00,0.00,90.00
1348.00,1.00,45881.00,9207.00,4590.00,1.00,1.00,0.00,90.00
1349.00,5.00,45158.00,9276.00,5609.00,0.00,0.00,0.00,90.00
1350.00,2.00,49328.00,10257.00,4259.00,0.00,0.00,0.00,90.00
1351.00,6.00,39384.00,7878.00,4028.00,0.00,0.00,0.00,91.00
1352.00,2.00,36351.00,7127.00,2796.00,0.00,0.00,0.00,91.00
1353.00,2.00,42345.00,7094.00,4519.00,1.00,0.00,0.00,91.00
1354.00,4.00,38083.00,7896.00,4644.00,0.00,0.00,0.00,91.00
1355.00,4.00,44870.00,8345.00,5630.00,1.00,0.00,0.00,91.00
1356.00,2.00,33676.00,7700.00,3452.00,0.00,0.00,0.00,91.00
1357.00,3.00,36373.00,6704.00,3927.00,1.00,1.00,0.00,91.00
1358.00,2.00,37795.00,7834.00,3422.00,1.00,1.00,0.00,91.00
1359.00,1.00,37123.00,7371.00,2504.00,1.00,0.00,0.00,91.00
1360.00,4.00,33315.00,6603.00,3185.00,1.00,1.00,0.00,91.00
1361.00,1.00,37608.00,8531.00,3331.00,1.00,1.00,0.00,91.00
1362.00,1.00,38878.00,7783.00,2949.00,0.00,0.00,0.00,91.00
1363.00,3.00,38768.00,7277.00,3194.00,0.00,0.00,0.00,91.00
1364.00,4.00,44415.00,9371.00,3914.00,1.00,0.00,0.00,91.00
1365.00,3.00,36802.00,7048.00,3886.00,1.00,0.00,1.00,91.00
1366.00,4.00,36768.00,8134.00,3269.00,1.00,0.00,0.00,91.00
1367.00,4.00,36744.00,7128.00,2917.00,0.00,0.00,0.00,91.00
1368.00,3.00,35351.00,6913.00,3060.00,0.00,0.00,0.00,91.00
1369.00,2.00,47921.00,10290.00,3186.00,1.00,1.00,0.00,91.00
1370.00,3.00,34568.00,7517.00,3800.00,1.00,0.00,0.00,91.00
1371.00,2.00,32935.00,6203.00,3030.00,1.00,1.00,0.00,92.00
1372.00,5.00,38193.00,7798.00,4260.00,0.00,0.00,0.00,92.00
1373.00,4.00,40160.00,9411.00,4233.00,1.00,0.00,0.00,92.00
1374.00,3.00,41786.00,8988.00,4085.00,1.00,0.00,0.00,92.00
1375.00,5.00,43614.00,9452.00,3531.00,0.00,0.00,0.00,92.00
1376.00,2.00,38372.00,7978.00,4057.00,1.00,0.00,0.00,92.00
1377.00,3.00,47023.00,10047.00,4528.00,0.00,0.00,0.00,92.00
1378.00,4.00,43884.00,8705.00,4693.00,1.00,0.00,0.00,92.00
1379.00,4.00,42117.00,9353.00,4348.00,0.00,0.00,0.00,92.00
1380.00,1.00,41387.00,7371.00,3392.00,0.00,0.00,0.00,92.00
1381.00,3.00,54593.00,10863.00,4511.00,0.00,0.00,1.00,93.00
1382.00,4.00,47199.00,9503.00,5914.00,0.00,0.00,0.00,93.00
1383.00,4.00,41188.00,8077.00,3750.00,1.00,1.00,0.00,93.00
1384.00,1.00,41924.00,8959.00,4406.00,1.00,0.00,0.00,93.00
1385.00,4.00,30583.00,6538.00,3675.00,0.00,1.00,0.00,93.00
1386.00,2.00,43562.00,8357.00,5347.00,1.00,1.00,0.00,93.00
1387.00,2.00,36135.00,7180.00,3274.00,1.00,0.00,0.00,93.00
1388.00,3.00,41895.00,8627.00,4183.00,1.00,1.00,0.00,93.00
1389.00,2.00,40490.00,9170.00,3903.00,0.00,1.00,0.00,93.00
1390.00,4.00,31105.00,6421.00,2419.00,1.00,0.00,0.00,93.00
1391.00,1.00,37065.00,7902.00,4376.00,1.00,0.00,0.00,93.00
1392.00,1.00,41453.00,8756.00,2475.00,1.00,0.00,0.00,93.00
1393.00,3.00,36407.00,7179.00,3953.00,1.00,1.00,0.00,93.00
1394.00,4.00,44520.00,9360.00,3656.00,1.00,1.00,0.00,93.00
1395.00,2.00,42630.00,8647.00,4577.00,1.00,1.00,0.00,93.00
1396.00,4.00,31315.00,6359.00,4093.00,1.00,0.00,0.00,94.00
1397.00,2.00,37800.00,8211.00,4492.00,1.00,1.00,0.00,94.00
1398.00,2.00,39657.00,9143.00,3670.00,1.00,1.00,0.00,94.00
1399.00,3.00,41556.00,8349.00,3238.00,1.00,1.00,0.00,94.00
1400.00,3.00,43000.00,8107.00,4836.00,0.00,1.00,0.00,94.00
1401.00,3.00,35587.00,7523.00,3434.00,0.00,0.00,0.00,94.00
1402.00,2.00,43385.00,9260.00,4516.00,1.00,1.00,0.00,94.00
1403.00,5.00,44197.00,8083.00,4964.00,0.00,0.00,0.00,94.00
1404.00,1.00,42920.00,8086.00,3818.00,1.00,1.00,0.00,94.00
1405.00,2.00,34214.00,7407.00,3641.00,1.00,0.00,0.00,94.00
1406.00,5.00,42140.00,8477.00,4034.00,1.00,0.00,0.00,94.00
1407.00,2.00,41294.00,8273.00,3733.00,1.00,0.00,0.00,94.00
1408.00,5.00,41243.00,8784.00,3813.00,1.00,0.00,0.00,94.00
1409.00,1.00,41392.00,8352.00,4874.00,1.00,0.00,0.00,94.00
1410.00,3.00,47600.00,8972.00,5615.00,1.00,0.00,0.00,94.00
1411.00,2.00,42126.00,8484.00,4882.00,0.00,1.00,0.00,94.00
1412.00,3.00,36495.00,7217.00,3932.00,0.00,0.00,0.00,94.00
1413.00,4.00,35210.00,7318.00,3580.00,0.00,0.00,0.00,94.00
1414.00,1.00,47932.00,9627.00,4708.00,1.00,0.00,0.00,94.00
1415.00,2.00,39245.00,8459.00,3839.00,0.00,0.00,0.00,94.00
1416.00,2.00,41805.00,8064.00,5013.00,1.00,1.00,1.00,95.00
1417.00,1.00,48293.00,9232.00,4239.00,0.00,1.00,0.00,95.00
1418.00,1.00,48040.00,9632.00,4530.00,1.00,1.00,0.00,95.00
1419.00,5.00,41983.00,8161.00,5358.00,1.00,0.00,0.00,95.00
1420.00,4.00,38764.00,8099.00,3428.00,1.00,0.00,1.00,95.00
1421.00,2.00,38697.00,6594.00,3391.00,0.00,0.00,0.00,95.00
1422.00,3.00,37251.00,7510.00,3386.00,0.00,1.00,0.00,95.00
1423.00,1.00,40911.00,8162.00,3439.00,1.00,1.00,0.00,95.00
1424.00,2.00,44806.00,8315.00,4707.00,1.00,1.00,0.00,95.00
1425.00,2.00,42237.00,8448.00,5277.00,1.00,0.00,0.00,95.00
1426.00,1.00,32885.00,7229.00,3774.00,1.00,0.00,0.00,96.00
1427.00,3.00,40449.00,8052.00,4335.00,0.00,0.00,0.00,96.00
1428.00,3.00,30070.00,5950.00,3272.00,1.00,0.00,0.00,96.00
1429.00,3.00,40918.00,9292.00,4753.00,0.00,1.00,0.00,96.00
1430.00,2.00,48139.00,10886.00,5241.00,0.00,0.00,0.00,96.00
1431.00,3.00,36799.00,7697.00,3782.00,1.00,0.00,0.00,96.00
1432.00,3.00,34670.00,7412.00,3659.00,1.00,0.00,0.00,96.00
1433.00,3.00,42173.00,7809.00,4673.00,0.00,0.00,0.00,96.00
1434.00,3.00,42728.00,8716.00,4936.00,0.00,0.00,0.00,96.00
1435.00,2.00,43407.00,9026.00,4965.00,1.00,0.00,0.00,96.00
1436.00,4.00,37307.00,7833.00,3169.00,1.00,1.00,0.00,96.00
1437.00,2.00,43591.00,9232.00,4804.00,1.00,0.00,0.00,96.00
1438.00,2.00,49711.00,9811.00,4436.00,1.00,1.00,0.00,96.00
1439.00,3.00,41126.00,8829.00,4069.00,0.00,0.00,1.00,96.00
1440.00,1.00,41178.00,7017.00,4855.00,1.00,1.00,0.00,96.00
1441.00,3.00,47818.00,10883.00,3785.00,1.00,1.00,0.00,97.00
1442.00,1.00,46953.00,8603.00,3961.00,0.00,0.00,1.00,97.00
1443.00,5.00,35275.00,6891.00,3624.00,1.00,1.00,0.00,97.00
1444.00,1.00,38095.00,7577.00,3119.00,1.00,0.00,0.00,97.00
1445.00,3.00,42317.00,7895.00,6321.00,0.00,1.00,0.00,97.00
1446.00,3.00,36645.00,7755.00,3948.00,1.00,1.00,0.00,97.00
1447.00,1.00,41782.00,8556.00,5203.00,1.00,1.00,0.00,97.00
1448.00,3.00,46774.00,10251.00,5258.00,0.00,1.00,0.00,97.00
1449.00,3.00,42512.00,9424.00,4565.00,0.00,1.00,0.00,97.00
1450.00,1.00,47678.00,9348.00,4680.00,1.00,0.00,0.00,97.00
1451.00,1.00,39233.00,9083.00,4688.00,1.00,1.00,0.00,97.00
1452.00,3.00,42469.00,7798.00,4537.00,1.00,1.00,1.00,97.00
1453.00,3.00,37678.00,7646.00,2769.00,1.00,1.00,0.00,97.00
1454.00,2.00,31135.00,6106.00,2678.00,1.00,0.00,0.00,97.00
1455.00,3.00,43325.00,9155.00,4763.00,1.00,0.00,0.00,97.00
1456.00,2.00,37811.00,8110.00,4714.00,1.00,0.00,1.00,97.00
1457.00,3.00,35108.00,6718.00,2443.00,1.00,0.00,0.00,97.00
1458.00,5.00,36880.00,6829.00,3584.00,0.00,1.00,0.00,97.00
1459.00,4.00,44735.00,9116.00,4612.00,0.00,1.00,0.00,97.00
1460.00,2.00,36794.00,8080.00,3637.00,1.00,0.00,0.00,97.00
1461.00,1.00,41341.00,8657.00,3969.00,1.00,0.00,0.00,98.00
1462.00,5.00,42032.00,8199.00,4638.00,1.00,1.00,0.00,98.00
1463.00,5.00,44948.00,8951.00,4155.00,1.00,1.00,0.00,98.00
1464.00,4.00,41177.00,8815.00,3408.00,1.00,1.00,0.00,98.00
1465.00,3.00,37641.00,7376.00,4504.00,1.00,0.00,0.00,98.00
1466.00,5.00,40318.00,8236.00,4408.00,1.00,0.00,0.00,98.00
1467.00,1.00,46111.00,8882.00,3877.00,1.00,0.00,0.00,98.00
1468.00,2.00,43257.00,9225.00,4766.00,1.00,0.00,0.00,98.00
1469.00,2.00,39378.00,8919.00,3638.00,0.00,0.00,1.00,98.00
1470.00,2.00,39639.00,7144.00,5399.00,0.00,0.00,0.00,98.00
1471.00,2.00,37409.00,8609.00,2867.00,0.00,1.00,1.00,99.00
1472.00,1.00,40322.00,8694.00,3688.00,1.00,1.00,0.00,99.00
1473.00,3.00,41196.00,8850.00,3664.00,1.00,1.00,0.00,99.00
1474.00,2.00,47405.00,9804.00,5384.00,1.00,1.00,0.00,99.00
1475.00,1.00,43960.00,10621.00,4987.00,0.00,1.00,0.00,99.00
1476.00,4.00,35460.00,7374.00,3445.00,0.00,0.00,0.00,99.00
1477.00,1.00,37679.00,6568.00,3158.00,1.00,1.00,0.00,99.00
1478.00,2.00,37044.00,7909.00,3389.00,1.00,0.00,0.00,99.00
1479.00,5.00,50421.00,10421.00,4213.00,1.00,0.00,0.00,99.00
1480.00,5.00,35643.00,6384.00,3628.00,0.00,0.00,0.00,99.00
1481.00,3.00,44192.00,9686.00,4443.00,1.00,1.00,0.00,99.00
1482.00,1.00,39154.00,8684.00,2900.00,0.00,0.00,0.00,99.00
1483.00,3.00,41480.00,8571.00,5519.00,0.00,0.00,1.00,99.00
1484.00,2.00,38045.00,7865.00,2892.00,1.00,0.00,0.00,99.00
1485.00,2.00,47577.00,10474.00,4183.00,1.00,0.00,0.00,99.00
1486.00,3.00,35712.00,7015.00,3438.00,1.00,1.00,1.00,100.00
1487.00,5.00,31437.00,5357.00,3721.00,1.00,0.00,1.00,100.00
1488.00,3.00,35511.00,6978.00,3000.00,0.00,1.00,1.00,100.00
1489.00,4.00,41410.00,8752.00,3191.00,1.00,0.00,0.00,100.00
1490.00,3.00,35792.00,7874.00,4514.00,0.00,0.00,0.00,100.00
1491.00,6.00,45053.00,9182.00,4643.00,1.00,1.00,0.00,100.00
1492.00,2.00,47127.00,9026.00,4354.00,0.00,0.00,0.00,100.00
1493.00,2.00,35491.00,6823.00,3845.00,1.00,1.00,0.00,100.00
1494.00,5.00,51224.00,10850.00,5270.00,1.00,0.00,0.00,100.00
1495.00,2.00,36854.00,7854.00,3857.00,1.00,1.00,0.00,100.00
1496.00,3.00,34827.00,7512.00,2920.00,0.00,1.00,1.00,100.00
1497.00,2.00,34261.00,7071.00,3672.00,0.00,1.00,0.00,100.00
1498.00,4.00,35628.00,7152.00,3774.00,0.00,0.00,0.00,100.00
1499.00,5.00,51082.00,9819.00,5265.00,1.00,0.00,0.00,100.00
1500.00,3.00,41970.00,8305.00,5006.00,1.00,1.00,1.00,100.00
